string 0 -1.1647094210991664 305.49573887136654 -0.7724735930733235 0.02380793113741482 3.1551611955739247 0.1106050844458387 569.8829840412081
string 1 -1.1647094210991664 305.49573887136654 -0.7724735930733235 0.02380793113741482 3.1551611955739247 0.1106050844458387 569.8829840412081
string 2 -1.1647094210991664 305.49573887136654 -0.7724735930733235 0.02380793113741482 3.1551611955739247 0.1106050844458387 569.8829840412081
string 3 -1.1647094210991664 305.49573887136654 -0.7724735930733235 0.02380793113741482 3.1551611955739247 0.1106050844458387 569.8829840412081
string 4 -1.105884432602311 305.49573887136654 -0.7724735930733235 0.02380793113741482 3.1551611955739247 0.1333033732504094 513.8842913535884
string 5 -1.105884432602311 343.99653803681605 -0.7724735930733235 0.02380793113741482 3.1892109163127778 0.1333033732504094 510.43621910145015
string 6 -1.105884432602311 343.99653803681605 -0.7724735930733235 0.02380793113741482 3.1892109163127778 0.1333033732504094 510.43621910145015
string 7 -1.2385907116787753 343.99653803681605 -0.7724735930733235 0.0669316989199104 3.1892109163127778 0.1333033732504094 391.4620051471667
string 8 -1.1755948344000406 343.99653803681605 -0.7724735930733235 0.0669316989199104 3.0181568597740247 0.1333033732504094 362.3568130291617
string 9 -1.1755948344000406 325.01418152191195 -0.9260642948545197 0.0669316989199104 3.0181568597740247 0.1333033732504094 351.94918734999663
string 10 -1.1755948344000406 327.7321637712332 -0.9260642948545197 0.0669316989199104 3.054374665087382 0.1333033732504094 351.6818829121182
string 11 -1.1755948344000406 340.89264225423125 -0.9260642948545197 0.0669316989199104 3.054374665087382 0.12291448530394525 353.5793553952139
string 12 -1.1755948344000406 322.3794469804208 -0.9260642948545197 0.0669316989199104 3.1813716774815832 0.12291448530394525 347.08721392428083
string 13 -1.1755948344000406 322.3794469804208 -0.9396012834632317 0.0669316989199104 3.1813716774815832 0.1237818388231751 344.6921951068233
string 14 -1.1755948344000406 322.3794469804208 -0.9396012834632317 0.0669316989199104 3.1813716774815832 0.1237818388231751 344.6921951068233
string 15 -1.0671515760679067 321.84972848253216 -0.9396012834632317 0.0669316989199104 3.1813716774815832 0.1237818388231751 292.0475939156132
string 16 -1.0671515760679067 321.84972848253216 -0.9396012834632317 0.17462579071025622 3.0533259883731865 0.1237818388231751 292.3360358361715
string 17 -1.0671515760679067 321.84972848253216 -0.9396012834632317 0.17462579071025622 3.0533259883731865 0.1237818388231751 292.3360358361715
string 18 -1.0671515760679067 321.84972848253216 -0.9396012834632317 0.17462579071025622 3.0533259883731865 0.1237818388231751 292.3360358361715
string 19 -1.0671515760679067 321.84972848253216 -0.9936478155133144 0.07630434949676282 3.0533259883731865 0.1237818388231751 280.94041877630207
string 20 -1.0671515760679067 328.9457805064215 -1.0495952193184963 0.07630434949676282 3.0533259883731865 0.1237818388231751 281.03960483932815
string 21 -1.0671515760679067 328.9457805064215 -1.0495952193184963 0.07630434949676282 3.053891343697598 0.12449425834128143 280.5099456126626
string 22 -1.0671515760679067 328.9457805064215 -1.0495952193184963 0.07630434949676282 3.053891343697598 0.12449425834128143 280.5099456126626
string 23 -1.0671515760679067 328.9457805064215 -1.0495952193184963 0.07630434949676282 3.3463838684293123 0.1662224303491321 273.52447880975814
string 24 -1.0671515760679067 328.9457805064215 -1.075155621664314 0.07237687504984262 3.3463838684293123 0.1662224303491321 274.46316389291195
string 25 -1.0671515760679067 328.9457805064215 -1.075155621664314 0.07237687504984262 3.3463838684293123 0.1662224303491321 274.46316389291195
string 26 -1.0671515760679067 328.9457805064215 -1.051760270612457 0.07237687504984262 3.483527655908426 0.1662224303491321 273.02404201187454
string 27 -1.0671515760679067 328.9457805064215 -1.051760270612457 0.07237687504984262 3.483527655908426 0.1662224303491321 273.02404201187454
string 28 -1.0671515760679067 328.9457805064215 -1.051760270612457 0.07237687504984262 3.483527655908426 0.1662224303491321 273.02404201187454
string 29 -1.0671515760679067 329.9009345519273 -1.051760270612457 0.07237687504984262 3.5511753967668325 0.1662224303491321 272.4940142743428
string 30 -1.0671515760679067 329.9009345519273 -1.051760270612457 0.08510478793359104 3.7398975746125416 0.1662224303491321 271.9450106703478
string 31 -1.0671515760679067 344.09970698750664 -1.051760270612457 0.08510478793359104 3.7398975746125416 0.1801231330533979 271.9486091694652
string 32 -1.0671515760679067 331.6759038076657 -1.051760270612457 0.08510478793359104 3.7398975746125416 0.1989041442174462 272.4445130197024
string 33 -1.084860183263168 331.6759038076657 -1.051760270612457 0.08510478793359104 3.759254733567013 0.1989041442174462 270.857771393781
string 34 -1.084860183263168 331.6759038076657 -1.051760270612457 0.08510478793359104 3.759254733567013 0.1989041442174462 270.857771393781
string 35 -1.084860183263168 331.6759038076657 -1.051760270612457 0.08510478793359104 3.759254733567013 0.1989041442174462 270.857771393781
string 36 -1.084860183263168 331.6759038076657 -1.051760270612457 0.09083962264270447 3.545993857940087 0.1989041442174462 271.18415085125633
string 37 -1.084860183263168 331.6759038076657 -0.9854796564673247 0.09083962264270447 3.545993857940087 0.24273699488734812 271.8865538194078
string 38 -1.084860183263168 331.6759038076657 -0.9854796564673247 0.09083962264270447 3.545993857940087 0.24273699488734812 271.8865538194078
string 39 -1.1203373533304846 332.402102884515 -0.9854796564673247 0.09083962264270447 3.545993857940087 0.24273699488734812 271.53363698168033
string 40 -1.1203373533304846 332.402102884515 -1.0373858510004896 0.10235305609078534 3.545993857940087 0.24273699488734812 270.4105677945645
string 41 -1.1203373533304846 346.9280543571949 -1.024016595313139 0.10235305609078534 3.545993857940087 0.24273699488734812 271.09825730031787
string 42 -1.1203373533304846 316.8495335871759 -1.024016595313139 0.10235305609078534 3.545993857940087 0.26924841130257005 270.4612476188419
string 43 -1.1203373533304846 307.08428307153923 -1.024016595313139 0.10235305609078534 3.545993857940087 0.2791236801948154 270.67892271572043
string 44 -1.1203373533304846 307.08428307153923 -1.024016595313139 0.10235305609078534 3.545993857940087 0.2791236801948154 270.67892271572043
string 45 -1.1203373533304846 315.12992517507996 -1.024016595313139 0.10235305609078534 3.765919326771593 0.2791236801948154 272.08334533862285
string 46 -1.1203373533304846 283.13806002776755 -0.8598652354172472 0.10235305609078534 3.765919326771593 0.2791236801948154 274.0481769450378
string 47 -1.1203373533304846 284.83133040583175 -0.682282065464074 0.10235305609078534 3.765919326771593 0.2791236801948154 272.4407074329635
string 48 -1.1203373533304846 270.40859595682696 -0.682282065464074 0.10235305609078534 3.536123210543395 0.2791236801948154 271.52251163836195
string 49 -1.1203373533304846 270.40859595682696 -0.682282065464074 0.10235305609078534 3.536123210543395 0.2791236801948154 271.52251163836195
string 50 -1.1203373533304846 270.40859595682696 -0.682282065464074 0.10235305609078534 3.536123210543395 0.2791236801948154 271.52251163836195
string 51 -1.1203373533304846 270.40859595682696 -0.682282065464074 0.10235305609078534 3.536123210543395 0.2791236801948154 271.52251163836195
string 52 -1.1203373533304846 270.40859595682696 -0.682282065464074 0.10235305609078534 3.536123210543395 0.2791236801948154 271.52251163836195
string 53 -1.1203373533304846 270.40859595682696 -0.682282065464074 0.10235305609078534 3.536123210543395 0.2791236801948154 271.52251163836195
string 54 -1.1203373533304846 270.40859595682696 -0.682282065464074 0.10235305609078534 3.536123210543395 0.2791236801948154 271.52251163836195
string 55 -1.1203373533304846 270.40859595682696 -0.682282065464074 0.10235305609078534 3.536123210543395 0.2791236801948154 271.52251163836195
string 56 -1.1203373533304846 270.40859595682696 -0.682282065464074 0.10235305609078534 3.536123210543395 0.2791236801948154 271.52251163836195
string 57 -1.1203373533304846 270.40859595682696 -0.5957706031276538 0.10235305609078534 3.536123210543395 0.2789125916818905 271.01078869434605
string 58 -1.1203373533304846 270.40859595682696 -0.5957706031276538 0.10235305609078534 3.536123210543395 0.2789125916818905 271.01078869434605
string 59 -1.1203373533304846 270.40859595682696 -0.5957706031276538 0.10235305609078534 3.536123210543395 0.2789125916818905 271.01078869434605
string 60 -1.1203373533304846 270.40859595682696 -0.5957706031276538 0.10235305609078534 3.536123210543395 0.2789125916818905 271.01078869434605
string 61 -1.1203373533304846 270.40859595682696 -0.6216713970059154 0.09908732587191064 3.536123210543395 0.2789125916818905 270.4923310505744
string 62 -1.1203373533304846 270.40859595682696 -0.6216713970059154 0.09908732587191064 3.536123210543395 0.2789125916818905 270.4923310505744
string 63 -1.1203373533304846 270.40859595682696 -0.6216713970059154 0.09908732587191064 3.58931281457873 0.2655900571492235 270.61944346028315
string 64 -1.1203373533304846 270.40859595682696 -0.6216713970059154 0.09908732587191064 3.58931281457873 0.2655900571492235 270.61944346028315
string 65 -1.1203373533304846 270.40859595682696 -0.6176420917616214 0.09908732587191064 3.5518107217172834 0.2655900571492235 270.55928866153556
string 66 -1.1203373533304846 270.40859595682696 -0.6176420917616214 0.09908732587191064 3.5518107217172834 0.2655900571492235 270.55928866153556
string 67 -1.1203373533304846 270.40859595682696 -0.6176420917616214 0.09908732587191064 3.5518107217172834 0.2655900571492235 270.55928866153556
string 68 -1.1203373533304846 270.40859595682696 -0.6176420917616214 0.09908732587191064 3.5518107217172834 0.2655900571492235 270.55928866153556
string 69 -1.1203373533304846 270.40859595682696 -0.6176420917616214 0.09908732587191064 3.5518107217172834 0.2655900571492235 270.55928866153556
string 70 -1.1203373533304846 270.40859595682696 -0.33637309870049037 0.09908732587191064 3.5642088079520224 0.2655900571492235 269.90429996547425
string 71 -1.1203373533304846 239.73719305755628 -0.33637309870049037 0.09908732587191064 3.5095184959902457 0.2655900571492235 271.7430110205772
string 72 -1.1203373533304846 239.73719305755628 -0.33637309870049037 0.09908732587191064 3.5095184959902457 0.2655900571492235 271.7430110205772
string 73 -1.1203373533304846 239.73719305755628 -0.24202322068433008 0.09908732587191064 3.4402135148753112 0.2655900571492235 270.8816675463267
string 74 -1.1203373533304846 239.73719305755628 -0.24202322068433008 0.09908732587191064 3.4402135148753112 0.2655900571492235 270.8816675463267
string 75 -1.1203373533304846 239.73719305755628 -0.13961489452461237 0.09908732587191064 3.498567629832315 0.2655900571492235 271.1420958313159
string 76 -1.1203373533304846 241.26070871629838 -0.08282204266019579 0.09908732587191064 3.498567629832315 0.2655900571492235 271.22034663060435
string 77 -1.1203373533304846 241.26070871629838 -0.08282204266019579 0.09908732587191064 3.498567629832315 0.2655900571492235 271.22034663060435
string 78 -1.1203373533304846 241.26070871629838 -0.08282204266019579 0.09908732587191064 3.498567629832315 0.2655900571492235 271.22034663060435
string 79 -1.1203373533304846 241.26070871629838 -0.1242705631075934 0.09908732587191064 3.498567629832315 0.26191372292326975 270.81427906738486
string 80 -1.1203373533304846 241.26070871629838 -0.1242705631075934 0.09908732587191064 3.498567629832315 0.26191372292326975 270.81427906738486
string 81 -1.1203373533304846 241.26070871629838 -0.1242705631075934 0.09908732587191064 3.498567629832315 0.26191372292326975 270.81427906738486
string 82 -1.1203373533304846 241.26070871629838 -0.1242705631075934 0.09908732587191064 3.498567629832315 0.26191372292326975 270.81427906738486
string 83 -1.1203373533304846 241.26070871629838 -0.1242705631075934 0.09908732587191064 3.498567629832315 0.26191372292326975 270.81427906738486
string 84 -1.1203373533304846 241.26070871629838 -0.1242705631075934 0.09908732587191064 3.498567629832315 0.26191372292326975 270.81427906738486
string 85 -1.1203373533304846 241.26070871629838 -0.1242705631075934 0.09908732587191064 3.498567629832315 0.26191372292326975 270.81427906738486
string 86 -1.1203373533304846 241.26070871629838 -0.1242705631075934 0.09908732587191064 3.498567629832315 0.26191372292326975 270.81427906738486
string 87 -1.1203373533304846 241.26070871629838 -0.1242705631075934 0.09908732587191064 3.498567629832315 0.26191372292326975 270.81427906738486
string 88 -1.1203373533304846 241.26070871629838 -0.1242705631075934 0.09875399988405875 3.498567629832315 0.25316373919057167 270.3166805060767
string 89 -1.1203373533304846 241.26070871629838 -0.1242705631075934 0.09875399988405875 3.498567629832315 0.25316373919057167 270.3166805060767
string 90 -1.1203373533304846 246.38545328215483 -0.1242705631075934 0.09875399988405875 3.5897996034934003 0.25316373919057167 270.4583094744087
string 91 -1.1203373533304846 246.38545328215483 -0.1242705631075934 0.09875399988405875 3.5897996034934003 0.25316373919057167 270.4583094744087
string 92 -1.1203373533304846 246.38545328215483 -0.1242705631075934 0.09875399988405875 3.5897996034934003 0.25316373919057167 270.4583094744087
string 93 -1.1203373533304846 246.38545328215483 -0.1242705631075934 0.09875399988405875 3.5897996034934003 0.25316373919057167 270.4583094744087
string 94 -1.1203373533304846 246.38545328215483 -0.1242705631075934 0.09875399988405875 3.5897996034934003 0.25316373919057167 270.4583094744087
string 95 -1.1203373533304846 243.75703174930786 -0.17835111095938005 0.09875399988405875 3.5897996034934003 0.25316373919057167 271.1926045439228
string 96 -1.1203373533304846 243.75703174930786 -0.17835111095938005 0.09875399988405875 3.8072990117409424 0.24950278510355858 272.96642942613664
string 97 -1.1203373533304846 243.75703174930786 -0.17835111095938005 0.09875399988405875 3.8072990117409424 0.24950278510355858 272.96642942613664
string 98 -1.1203373533304846 243.75703174930786 -0.17835111095938005 0.09875399988405875 3.8072990117409424 0.24950278510355858 272.96642942613664
string 99 -1.1976050336151034 205.39063369861415 -0.17835111095938005 0.09875399988405875 3.8072990117409424 0.24950278510355858 270.91525357599556
string 100 -1.1976050336151034 205.39063369861415 -0.17835111095938005 0.09875399988405875 3.8072990117409424 0.24950278510355858 270.91525357599556
string 101 -1.1976050336151034 205.39063369861415 -0.17835111095938005 0.09875399988405875 3.8072990117409424 0.24950278510355858 270.91525357599556
string 102 -1.1976050336151034 166.69726907898382 -0.17835111095938005 0.09875399988405875 3.8072990117409424 0.22748877703594877 271.03055049409346
string 103 -1.1976050336151034 166.69726907898382 -0.17835111095938005 0.09875399988405875 3.8072990117409424 0.22748877703594877 271.03055049409346
string 104 -1.1976050336151034 166.69726907898382 -0.17835111095938005 0.09875399988405875 3.8072990117409424 0.22748877703594877 271.03055049409346
string 105 -1.1976050336151034 166.69726907898382 -0.17835111095938005 0.08513123189496917 3.8293239451127596 0.22748877703594877 270.94685344851337
string 106 -1.1976050336151034 166.69726907898382 -0.17246847965434114 0.08513123189496917 3.8293239451127596 0.24819480494494597 270.7008370134068
string 107 -1.1976050336151034 166.69726907898382 -0.17246847965434114 0.08513123189496917 3.8293239451127596 0.24819480494494597 270.7008370134068
string 108 -1.1976050336151034 159.75799989423163 -0.23258598099186226 0.08513123189496917 3.8293239451127596 0.24819480494494597 271.0299121134885
string 109 -1.1976050336151034 159.0913768595795 -0.36934626138792026 0.08513123189496917 3.8293239451127596 0.24819480494494597 271.2151617097781
string 110 -1.1976050336151034 159.0913768595795 -0.24535549809372542 0.08513123189496917 3.840277377933471 0.24819480494494597 271.07767236636715
string 111 -1.1976050336151034 159.0913768595795 -0.24535549809372542 0.08513123189496917 3.840277377933471 0.24819480494494597 271.07767236636715
string 112 -1.1976050336151034 159.0913768595795 -0.24535549809372542 0.08513123189496917 3.721113132325953 0.25206517170942105 271.20012687816717
string 113 -1.1976050336151034 161.45423556998443 -0.22990870354380252 0.08513123189496917 3.721113132325953 0.25206517170942105 270.7947595556517
string 114 -1.1976050336151034 161.45423556998443 -0.10041106336277728 0.08513123189496917 3.6958906217338807 0.25206517170942105 270.35760696274997
string 115 -1.1976050336151034 161.45423556998443 -0.10041106336277728 0.08513123189496917 3.6958906217338807 0.25206517170942105 270.35760696274997
string 116 -1.1976050336151034 161.45423556998443 -0.10041106336277728 0.08513123189496917 3.6958906217338807 0.25206517170942105 270.35760696274997
string 117 -1.1976050336151034 161.45423556998443 -0.10041106336277728 0.08513123189496917 3.6958906217338807 0.25206517170942105 270.35760696274997
string 118 -1.1976050336151034 161.45423556998443 -0.10041106336277728 0.08513123189496917 3.6958906217338807 0.25206517170942105 270.35760696274997
string 119 -1.1976050336151034 161.45423556998443 -0.10041106336277728 0.08513123189496917 3.6958906217338807 0.25206517170942105 270.35760696274997
string 120 -1.1976050336151034 161.45423556998443 -0.10041106336277728 0.09513284719267068 3.6958906217338807 0.25020135328358284 271.74017926099043
string 121 -1.1976050336151034 161.45423556998443 -0.10041106336277728 0.09513284719267068 3.6958906217338807 0.25020135328358284 271.74017926099043
string 122 -1.1976050336151034 161.45423556998443 -0.10041106336277728 0.09513284719267068 3.6958906217338807 0.25020135328358284 271.74017926099043
string 123 -1.1976050336151034 176.06581417907415 -0.10041106336277728 0.09513284719267068 3.6958906217338807 0.2625268856225648 270.68037766019836
string 124 -1.1976050336151034 176.06581417907415 -0.10041106336277728 0.09513284719267068 3.5686486698879554 0.2637413194045227 270.61334842618317
string 125 -1.1976050336151034 176.06581417907415 -0.10041106336277728 0.09513284719267068 3.5686486698879554 0.2637413194045227 270.61334842618317
string 126 -1.204432842859318 190.9736779942735 -0.10041106336277728 0.09513284719267068 3.5686486698879554 0.2637413194045227 271.82717159192106
string 127 -1.204432842859318 190.9736779942735 0.07393861453801312 0.09513284719267068 3.6496324850341986 0.2637413194045227 271.5600548552154
string 128 -1.204432842859318 190.9736779942735 0.07393861453801312 0.09513284719267068 3.6496324850341986 0.2637413194045227 271.5600548552154
string 129 -1.204432842859318 196.14717449994 0.07393861453801312 0.09513284719267068 3.684778532766316 0.2637413194045227 271.65395184752924
string 130 -1.204432842859318 196.14717449994 0.10019095842213296 0.09513284719267068 3.684778532766316 0.25558734400786054 271.8508926222779
string 131 -1.204432842859318 196.14717449994 0.10019095842213296 0.09513284719267068 3.684778532766316 0.25558734400786054 271.8508926222779
string 132 -1.204432842859318 196.14717449994 0.10019095842213296 0.09513284719267068 3.684778532766316 0.25558734400786054 271.8508926222779
string 133 -1.204432842859318 196.14717449994 0.1776425516682305 0.12465247894363707 3.684778532766316 0.25558734400786054 270.7436178705975
string 134 -1.204432842859318 196.14717449994 0.1776425516682305 0.12465247894363707 3.684778532766316 0.25558734400786054 270.7436178705975
string 135 -1.204432842859318 196.14717449994 0.1776425516682305 0.12465247894363707 3.684778532766316 0.25558734400786054 270.7436178705975
string 136 -1.204432842859318 190.53582107463438 0.35762090824094583 0.12465247894363707 3.684778532766316 0.25558734400786054 272.275256033455
string 137 -1.204432842859318 190.53582107463438 0.35762090824094583 0.12465247894363707 3.684778532766316 0.25558734400786054 272.275256033455
string 138 -1.204432842859318 190.53582107463438 0.2493894121209333 0.12465247894363707 3.684778532766316 0.22101845686911065 270.0289354635029
string 139 -1.183545780132601 190.53582107463438 0.2493894121209333 0.12465247894363707 3.684778532766316 0.2162365148038884 271.4535748675187
string 140 -1.1868475902158937 190.53582107463438 0.17551748309818596 0.12465247894363707 3.684778532766316 0.2162365148038884 270.74559532556265
string 141 -1.1868475902158937 190.53582107463438 -0.012975865864784775 0.12465247894363707 3.684778532766316 0.2143430167068102 271.5263828522616
string 142 -1.1868475902158937 206.7695714097245 -0.04488913134934933 0.12465247894363707 3.684778532766316 0.2143430167068102 269.72979324647514
string 143 -1.1868475902158937 206.7695714097245 -0.04488913134934933 0.12465247894363707 3.684778532766316 0.2143430167068102 269.72979324647514
string 144 -1.1868475902158937 206.7695714097245 -0.04488913134934933 0.12465247894363707 3.684778532766316 0.2143430167068102 269.72979324647514
string 145 -1.1868475902158937 206.7695714097245 -0.04488913134934933 0.12465247894363707 3.684778532766316 0.2143430167068102 269.72979324647514
string 146 -1.1868475902158937 206.7695714097245 -0.043699131150148396 0.12465247894363707 3.870776716553298 0.2143430167068102 270.0692983576284
string 147 -1.1868475902158937 206.7695714097245 -0.043699131150148396 0.12465247894363707 3.870776716553298 0.2143430167068102 270.0692983576284
string 148 -1.1868475902158937 206.7695714097245 -0.043699131150148396 0.12465247894363707 3.960727931545617 0.17618926529126555 269.9185409523009
string 149 -1.1868475902158937 206.7695714097245 -0.043699131150148396 0.12465247894363707 3.960727931545617 0.17618926529126555 269.9185409523009
string 150 -1.1868475902158937 206.7695714097245 -0.0578346955294768 0.12465247894363707 3.7907518702727936 0.17618926529126555 270.41766600197735
string 151 -1.1868475902158937 206.7695714097245 -0.027374283779854996 0.12465247894363707 3.681357832579908 0.17618926529126555 270.5094189117247
string 152 -1.1868475902158937 234.048441843502 -0.027374283779854996 0.19932383983421753 3.681357832579908 0.17618926529126555 272.47664187816235
string 153 -1.1868475902158937 234.048441843502 -0.027374283779854996 0.19932383983421753 3.681357832579908 0.17618926529126555 272.47664187816235
string 154 -1.1868475902158937 234.048441843502 -0.027374283779854996 0.21377149585398803 3.545452175109506 0.17618926529126555 272.7823586516663
string 155 -1.1868475902158937 234.048441843502 -0.027374283779854996 0.21377149585398803 3.545452175109506 0.17618926529126555 272.7823586516663
string 156 -1.1868475902158937 234.048441843502 -0.027374283779854996 0.21377149585398803 3.545452175109506 0.17618926529126555 272.7823586516663
string 157 -1.1868475902158937 234.048441843502 -0.027374283779854996 0.21377149585398803 3.545452175109506 0.17618926529126555 272.7823586516663
string 158 -1.1868475902158937 223.39214941362474 -0.027374283779854996 0.21377149585398803 3.5994723904194124 0.17618926529126555 275.3329121385724
string 159 -1.1868475902158937 223.39214941362474 -0.027374283779854996 0.21377149585398803 3.5994723904194124 0.17618926529126555 275.3329121385724
string 160 -1.2515811525519087 223.39214941362474 -0.027374283779854996 0.21377149585398803 3.589320766064919 0.17618926529126555 270.99995860022057
string 161 -1.2515811525519087 223.39214941362474 -0.027374283779854996 0.23887228893337942 3.5378212674656053 0.17618926529126555 270.14698256032534
string 162 -1.2515811525519087 223.39214941362474 -0.024392460268601087 0.23887228893337942 3.495767437531904 0.17618926529126555 270.438764880752
string 163 -1.2515811525519087 223.39214941362474 -0.024392460268601087 0.23887228893337942 3.495767437531904 0.17618926529126555 270.438764880752
string 164 -1.2515811525519087 223.39214941362474 -0.051566819330954784 0.23987636098820372 3.495767437531904 0.17618926529126555 270.3880348042985
string 165 -1.2515811525519087 223.39214941362474 -0.051566819330954784 0.29874438217044974 3.4204694298162006 0.17618926529126555 269.70564088166327
string 166 -1.2515811525519087 223.39214941362474 -0.051566819330954784 0.29874438217044974 3.4204694298162006 0.17618926529126555 269.70564088166327
string 167 -1.2256325739914107 223.39214941362474 0.025135590108391802 0.29874438217044974 3.4204694298162006 0.17618926529126555 273.0415263366285
string 168 -1.2256325739914107 223.39214941362474 0.10836945971167453 0.29874438217044974 3.4204694298162006 0.18115753663464207 274.1546405589289
string 169 -1.2256325739914107 223.39214941362474 0.10836945971167453 0.29874438217044974 3.4204694298162006 0.18115753663464207 274.1546405589289
string 170 -1.2256325739914107 223.39214941362474 0.10836945971167453 0.29874438217044974 3.4204694298162006 0.18115753663464207 274.1546405589289
string 171 -1.2256325739914107 223.39214941362474 0.031207489021945575 0.29874438217044974 3.4204694298162006 0.16829580942543482 272.70739704949443
string 172 -1.2256325739914107 223.39214941362474 -0.03831849767441031 0.29874438217044974 3.3450438638706412 0.16829580942543482 271.7208449184631
string 173 -1.2256325739914107 221.76432094093775 0.016164858609698976 0.29874438217044974 3.3450438638706412 0.16829580942543482 271.82000528165577
string 174 -1.2256325739914107 222.9565851357159 0.055631639063572456 0.29874438217044974 3.3450438638706412 0.16829580942543482 271.9138889508308
string 175 -1.2256325739914107 222.9565851357159 0.055631639063572456 0.29874438217044974 3.3450438638706412 0.16829580942543482 271.9138889508308
string 176 -1.2256325739914107 222.9565851357159 0.055631639063572456 0.29874438217044974 3.3450438638706412 0.16829580942543482 271.9138889508308
string 177 -1.2256325739914107 222.9565851357159 0.055631639063572456 0.29874438217044974 3.3450438638706412 0.16829580942543482 271.9138889508308
string 178 -1.2256325739914107 222.9565851357159 0.055631639063572456 0.29874438217044974 3.3450438638706412 0.16829580942543482 271.9138889508308
string 179 -1.2256325739914107 222.9565851357159 0.055631639063572456 0.29874438217044974 3.317340617831222 0.16555635703461277 271.9900292551723
string 180 -1.2256325739914107 222.9565851357159 -0.06892803468637204 0.19447304021389822 3.317340617831222 0.16555635703461277 272.2453773373994
string 181 -1.2256325739914107 230.4659938264976 -0.06892803468637204 0.19447304021389822 3.667897257517568 0.16555635703461277 270.2581423316692
string 182 -1.2256325739914107 230.86625933895508 -0.025060178002478103 0.19447304021389822 3.667897257517568 0.16555635703461277 270.219036716086
string 183 -1.2256325739914107 230.86625933895508 -0.025060178002478103 0.19447304021389822 3.667897257517568 0.16555635703461277 270.219036716086
string 184 -1.2256325739914107 230.86625933895508 -0.025060178002478103 0.19447304021389822 3.667897257517568 0.16555635703461277 270.219036716086
string 185 -1.2256325739914107 230.86625933895508 -0.025060178002478103 0.19447304021389822 3.667897257517568 0.16555635703461277 270.219036716086
string 186 -1.2256325739914107 230.86625933895508 -0.025060178002478103 0.19447304021389822 3.667897257517568 0.16555635703461277 270.219036716086
string 187 -1.2256325739914107 230.86625933895508 -0.025060178002478103 0.19447304021389822 3.667897257517568 0.16555635703461277 270.219036716086
string 188 -1.2256325739914107 230.86625933895508 -0.11483451350100359 0.1967385881331239 3.667897257517568 0.16555635703461277 270.03828168848514
string 189 -1.2256325739914107 230.86625933895508 -0.11483451350100359 0.1967385881331239 3.667897257517568 0.16555635703461277 270.03828168848514
string 190 -1.2256325739914107 241.5889886352098 -0.09916228939851765 0.1967385881331239 3.667897257517568 0.16555635703461277 270.53951392582724
string 191 -1.2189758487451134 241.5889886352098 -0.06905255858657497 0.1967385881331239 3.667897257517568 0.16555635703461277 270.0820249912785
string 192 -1.2189758487451134 241.5889886352098 -0.06905255858657497 0.1967385881331239 3.667897257517568 0.16555635703461277 270.0820249912785
string 193 -1.2189758487451134 254.86464947431298 -0.06905255858657497 0.1909147704369701 3.667897257517568 0.16555635703461277 270.93912034818845
string 194 -1.2189758487451134 261.50880701991076 -0.06905255858657497 0.1909147704369701 3.667897257517568 0.20704152009248777 269.98928384445543
string 195 -1.2189758487451134 281.9840854612778 -0.06905255858657497 0.1909147704369701 3.726996161649765 0.20704152009248777 270.30087688655806
string 196 -1.2189758487451134 281.9840854612778 0.002086340511603557 0.20328909805805728 3.726996161649765 0.20704152009248777 269.6408605916238
string 197 -1.2189758487451134 281.9840854612778 0.002086340511603557 0.30542491937575095 3.4767694006537853 0.20704152009248777 270.2957697188443
string 198 -1.2189758487451134 281.9840854612778 0.002086340511603557 0.30542491937575095 3.4767694006537853 0.20704152009248777 270.2957697188443
string 199 -1.2189758487451134 281.9840854612778 0.002086340511603557 0.3407707595502661 3.2470923015930495 0.20704152009248777 269.860304153915
string 200 -1.2189758487451134 281.9840854612778 0.002086340511603557 0.3407707595502661 3.1063499087409667 0.18608706893015858 269.1865289193463
string 201 -1.2189758487451134 281.9840854612778 -0.10582369495212463 0.3407707595502661 3.0723169329281177 0.18608706893015858 269.11726272452665
string 202 -1.2189758487451134 281.9840854612778 -0.10582369495212463 0.3407707595502661 3.0723169329281177 0.18608706893015858 269.11726272452665
string 203 -1.205062536837381 281.9840854612778 -0.10582369495212463 0.33415736826069975 3.0723169329281177 0.18608706893015858 269.6915613051727
string 204 -1.205062536837381 281.9840854612778 -0.10582369495212463 0.33415736826069975 3.0723169329281177 0.18608706893015858 269.6915613051727
string 205 -1.205062536837381 281.9840854612778 -0.10582369495212463 0.33415736826069975 3.0723169329281177 0.18608706893015858 269.6915613051727
string 206 -1.205062536837381 293.1526821552241 -0.10582369495212463 0.28041709837366136 3.0723169329281177 0.18608706893015858 270.02320516829093
string 207 -1.205062536837381 293.1526821552241 -0.20388716924155326 0.28041709837366136 3.0723169329281177 0.16185159871963822 270.2629234872536
string 208 -1.205062536837381 293.1526821552241 -0.20388716924155326 0.2832040942930425 3.0723169329281177 0.15366219797125258 270.318106588082
string 209 -1.205062536837381 293.1526821552241 -0.20388716924155326 0.2832040942930425 3.0723169329281177 0.15366219797125258 270.318106588082
string 210 -1.205062536837381 269.3092496142984 -0.20388716924155326 0.33143744727430446 3.0723169329281177 0.15366219797125258 269.7232687283479
string 211 -1.205062536837381 269.3092496142984 -0.20388716924155326 0.33143744727430446 3.0723169329281177 0.15366219797125258 269.7232687283479
string 212 -1.2098936469305925 252.6058159782374 -0.20388716924155326 0.33143744727430446 3.0723169329281177 0.15366219797125258 270.2830918169505
string 213 -1.2098936469305925 252.6058159782374 -0.20388716924155326 0.33143744727430446 3.0723169329281177 0.15366219797125258 270.2830918169505
string 214 -1.2098936469305925 252.6058159782374 -0.20388716924155326 0.33143744727430446 3.0723169329281177 0.15366219797125258 270.2830918169505
string 215 -1.2098936469305925 272.2702450363286 -0.1921135933856288 0.33143744727430446 3.0723169329281177 0.15366219797125258 269.30558175673934
string 216 -1.2098936469305925 272.2702450363286 -0.1921135933856288 0.33143744727430446 3.0723169329281177 0.15366219797125258 269.30558175673934
string 217 -1.2098936469305925 272.2702450363286 -0.1921135933856288 0.33143744727430446 3.0723169329281177 0.15366219797125258 269.30558175673934
string 218 -1.2098936469305925 279.17094888274255 -0.1921135933856288 0.33143744727430446 2.9644299139531394 0.15366219797125258 269.24386955178437
string 219 -1.2098936469305925 279.17094888274255 -0.1921135933856288 0.33143744727430446 2.9644299139531394 0.15366219797125258 269.24386955178437
string 220 -1.2098936469305925 279.17094888274255 -0.027601158072026066 0.33143744727430446 2.895197704862964 0.15366219797125258 269.8605143490402
string 221 -1.2098936469305925 279.17094888274255 -0.027601158072026066 0.33143744727430446 2.895197704862964 0.15366219797125258 269.8605143490402
string 222 -1.2098936469305925 279.17094888274255 -0.027601158072026066 0.33143744727430446 2.895197704862964 0.15366219797125258 269.8605143490402
string 223 -1.2098936469305925 279.17094888274255 -0.027601158072026066 0.33143744727430446 2.895197704862964 0.15366219797125258 269.8605143490402
string 224 -1.2098936469305925 279.17094888274255 -0.027601158072026066 0.33143744727430446 2.895197704862964 0.15366219797125258 269.8605143490402
string 225 -1.2098936469305925 232.5772917461582 -0.0883625327154781 0.33143744727430446 2.895197704862964 0.15366219797125258 269.9743190357097
string 226 -1.2098936469305925 245.9888158224579 -0.0883625327154781 0.33143744727430446 2.895197704862964 0.1317597200245903 269.2829840075593
string 227 -1.2098936469305925 245.9888158224579 0.017356247094241384 0.33143744727430446 3.0965601587576304 0.1317597200245903 269.7964103688337
string 228 -1.2098936469305925 245.9888158224579 0.017356247094241384 0.33143744727430446 3.0965601587576304 0.1317597200245903 269.7964103688337
string 229 -1.2098936469305925 245.9888158224579 0.017356247094241384 0.33143744727430446 3.0965601587576304 0.1317597200245903 269.7964103688337
string 230 -1.2098936469305925 245.9888158224579 0.017356247094241384 0.33143744727430446 3.0965601587576304 0.1317597200245903 269.7964103688337
string 231 -1.2098936469305925 245.9888158224579 0.017356247094241384 0.33143744727430446 3.0965601587576304 0.1317597200245903 269.7964103688337
string 232 -1.256694136369377 245.9888158224579 0.017356247094241384 0.38701003778210374 3.0965601587576304 0.1317597200245903 269.8407305477317
string 233 -1.256694136369377 245.9888158224579 0.017356247094241384 0.396268130828158 3.0786745296209164 0.1317597200245903 269.69298468223803
string 234 -1.256694136369377 245.9888158224579 0.017356247094241384 0.396268130828158 3.0786745296209164 0.1317597200245903 269.69298468223803
string 235 -1.256694136369377 245.9888158224579 0.017356247094241384 0.396268130828158 3.0786745296209164 0.1317597200245903 269.69298468223803
string 236 -1.256694136369377 245.9888158224579 -0.0019102358365215392 0.4330795606336424 3.0786745296209164 0.1317597200245903 269.0433025395523
string 237 -1.256694136369377 258.1523088519324 0.11086975774547574 0.4330795606336424 3.0786745296209164 0.1317597200245903 269.2301825312758
string 238 -1.256694136369377 258.1523088519324 0.11086975774547574 0.4330795606336424 3.0786745296209164 0.1317597200245903 269.2301825312758
string 239 -1.256694136369377 258.1523088519324 0.11086975774547574 0.4330795606336424 3.0786745296209164 0.1317597200245903 269.2301825312758
string 240 -1.256694136369377 258.1523088519324 0.24067235971432327 0.4330795606336424 3.2001505287387597 0.1317597200245903 268.8779542618382
string 241 -1.2513689597372442 258.1523088519324 0.24067235971432327 0.4330795606336424 3.0193599140451695 0.1317597200245903 269.11046639084276
string 242 -1.2513689597372442 258.1523088519324 0.24067235971432327 0.4330795606336424 3.0193599140451695 0.1317597200245903 269.11046639084276
string 243 -1.2513689597372442 258.1523088519324 0.3363473871095086 0.37570432655376823 3.0193599140451695 0.1317597200245903 270.32325663143047
string 244 -1.2513689597372442 258.1523088519324 0.3363473871095086 0.37570432655376823 3.0193599140451695 0.1317597200245903 270.32325663143047
string 245 -1.2513689597372442 243.6037251020749 0.3363473871095086 0.37570432655376823 3.1936351685261384 0.1317597200245903 269.1367462707558
string 246 -1.2513689597372442 243.6037251020749 0.3363473871095086 0.4568401948245849 2.921222581755602 0.1317597200245903 269.06368928008226
string 247 -1.2513689597372442 276.0251278754861 0.3500541499217004 0.4568401948245849 2.921222581755602 0.1317597200245903 269.291337180759
string 248 -1.2513689597372442 276.0251278754861 0.3500541499217004 0.4568401948245849 2.921222581755602 0.1317597200245903 269.291337180759
string 249 -1.2513689597372442 290.44301061585946 0.3544837045416333 0.4568401948245849 2.921222581755602 0.1317597200245903 269.95720189027145
string 250 -1.2513689597372442 338.02807949265895 0.547582856606142 0.4568401948245849 2.921222581755602 0.1317597200245903 270.2517008933391
string 251 -1.2513689597372442 294.5375360837126 0.547582856606142 0.4568401948245849 2.941976075846621 0.1317597200245903 268.92356560769997
string 252 -1.2513689597372442 294.5375360837126 0.547582856606142 0.4568401948245849 2.941976075846621 0.1317597200245903 268.92356560769997
string 253 -1.2513689597372442 294.5375360837126 0.547582856606142 0.4568401948245849 2.941976075846621 0.1317597200245903 268.92356560769997
string 254 -1.2513689597372442 294.5375360837126 0.547582856606142 0.4568401948245849 2.941976075846621 0.1317597200245903 268.92356560769997
string 255 -1.2513689597372442 299.7620177833007 0.547582856606142 0.3918385890802864 2.941976075846621 0.1317597200245903 270.8522498304696
string 256 -1.2513689597372442 299.7620177833007 0.547582856606142 0.3918385890802864 2.941976075846621 0.1317597200245903 270.8522498304696
string 257 -1.2513689597372442 299.7620177833007 0.547582856606142 0.3918385890802864 2.941976075846621 0.1317597200245903 270.8522498304696
string 258 -1.2513689597372442 263.80479127181246 0.547582856606142 0.3918385890802864 3.1229573854433292 0.1317597200245903 269.3103708005664
string 259 -1.2513689597372442 263.80479127181246 0.547582856606142 0.3918385890802864 3.1229573854433292 0.1317597200245903 269.3103708005664
string 260 -1.2513689597372442 263.80479127181246 0.547582856606142 0.3966965451347523 3.015199919773476 0.1317597200245903 268.92697103881085
string 261 -1.2513689597372442 263.80479127181246 0.547582856606142 0.3966965451347523 3.015199919773476 0.1317597200245903 268.92697103881085
string 262 -1.2513689597372442 257.08764409352784 0.4764390506741234 0.3966965451347523 3.015199919773476 0.1317597200245903 268.9787000286215
string 263 -1.2513689597372442 243.6164452491979 0.380744523890024 0.3966965451347523 3.015199919773476 0.1317597200245903 269.1388807067286
string 264 -1.2513689597372442 243.6164452491979 0.380744523890024 0.3966965451347523 3.015199919773476 0.1317597200245903 269.1388807067286
string 265 -1.2513689597372442 243.6164452491979 0.380744523890024 0.3966965451347523 3.015199919773476 0.1317597200245903 269.1388807067286
string 266 -1.2513689597372442 243.6164452491979 0.380744523890024 0.3966965451347523 3.015199919773476 0.1317597200245903 269.1388807067286
string 267 -1.2513689597372442 243.6164452491979 0.380744523890024 0.3966965451347523 3.015199919773476 0.1317597200245903 269.1388807067286
string 268 -1.2513689597372442 243.6164452491979 0.30999998628837566 0.3966965451347523 3.015199919773476 0.12593059902386478 269.4407619911222
string 269 -1.2513689597372442 243.6164452491979 0.2560326297629575 0.5584189081710237 3.015199919773476 0.12593059902386478 272.2253926560585
string 270 -1.2513689597372442 230.17783166203589 0.2560326297629575 0.5584189081710237 2.994229614887961 0.12593059902386478 274.81348828557395
string 271 -1.2513689597372442 227.3900256333002 0.2560326297629575 0.5786286342897065 2.994229614887961 0.12593059902386478 276.9231699271188
string 272 -1.2513689597372442 227.3900256333002 0.19129902278821956 0.5707687659921222 2.994229614887961 0.12593059902386478 275.215275303484
string 273 -1.2513689597372442 227.3900256333002 0.11811462057828725 0.5707687659921222 2.9318572160075873 0.12593059902386478 273.09792512492436
string 274 -1.2513689597372442 227.3900256333002 0.11811462057828725 0.5707687659921222 2.9318572160075873 0.12593059902386478 273.09792512492436
string 275 -1.2513689597372442 227.3900256333002 0.28689843008273797 0.5707687659921222 2.651839659213665 0.12593059902386478 270.2792455989784
string 276 -1.2513689597372442 227.3900256333002 0.28689843008273797 0.5707687659921222 2.651839659213665 0.12593059902386478 270.2792455989784
string 277 -1.2513689597372442 227.3900256333002 0.28689843008273797 0.5795230206896004 2.56134591189524 0.12593059902386478 269.640894477902
string 278 -1.2513689597372442 268.92054051832946 0.28689843008273797 0.5795230206896004 2.631218775997725 0.12593059902386478 268.76936057979174
string 279 -1.2513689597372442 275.716352497809 0.28689843008273797 0.6722585057793891 2.631218775997725 0.12593059902386478 268.650416622202
string 280 -1.2513689597372442 275.716352497809 0.28689843008273797 0.6722585057793891 2.631218775997725 0.12593059902386478 268.650416622202
string 281 -1.2513689597372442 275.716352497809 0.28689843008273797 0.6722585057793891 2.631218775997725 0.12593059902386478 268.650416622202
string 282 -1.2513689597372442 256.03873922618516 0.28689843008273797 0.6195803011997653 2.631218775997725 0.12593059902386478 268.77441006004403
string 283 -1.2513689597372442 256.03873922618516 0.28689843008273797 0.6195803011997653 2.631218775997725 0.12593059902386478 268.77441006004403
string 284 -1.2513689597372442 256.03873922618516 0.28689843008273797 0.6195803011997653 2.631218775997725 0.12593059902386478 268.77441006004403
string 285 -1.2513689597372442 240.9932161069245 0.28689843008273797 0.6195803011997653 2.631218775997725 0.154580082251353 270.1479960780481
string 286 -1.2513689597372442 240.9932161069245 0.11905367414930065 0.6195803011997653 2.606030689072227 0.154580082251353 269.0543251484952
string 287 -1.2513689597372442 240.9932161069245 0.11905367414930065 0.6195803011997653 2.606030689072227 0.154580082251353 269.0543251484952
string 288 -1.2513689597372442 268.2105603180732 0.11905367414930065 0.6195803011997653 2.5910582508542226 0.154580082251353 268.548700683737
string 289 -1.2513689597372442 268.2105603180732 0.11905367414930065 0.6195803011997653 2.5910582508542226 0.154580082251353 268.548700683737
string 290 -1.2513689597372442 268.2105603180732 0.11905367414930065 0.6195803011997653 2.5910582508542226 0.154580082251353 268.548700683737
string 291 -1.2513689597372442 276.89935027853244 0.11905367414930065 0.6195803011997653 2.5910582508542226 0.15563500574191622 268.87454559530033
string 292 -1.2513689597372442 276.89935027853244 0.11905367414930065 0.6195803011997653 2.5910582508542226 0.15563500574191622 268.87454559530033
string 293 -1.2513689597372442 259.99588083650906 0.11905367414930065 0.6195803011997653 2.5910582508542226 0.15009079076504867 268.5449709238893
string 294 -1.2513689597372442 259.99588083650906 0.11905367414930065 0.6195803011997653 2.5910582508542226 0.15009079076504867 268.5449709238893
string 295 -1.2513689597372442 259.99588083650906 0.11905367414930065 0.6195803011997653 2.5910582508542226 0.15009079076504867 268.5449709238893
string 296 -1.2513689597372442 259.99588083650906 0.11905367414930065 0.6195803011997653 2.5910582508542226 0.15009079076504867 268.5449709238893
string 297 -1.2513689597372442 259.99588083650906 0.11905367414930065 0.6195803011997653 2.5910582508542226 0.15009079076504867 268.5449709238893
string 298 -1.2513689597372442 256.17699471068306 0.11905367414930065 0.7198843650649727 2.5910582508542226 0.15009079076504867 269.1465112456575
string 299 -1.2513689597372442 301.88202735588646 0.11905367414930065 0.817144694343767 2.5910582508542226 0.15009079076504867 268.2889657901345
string 300 -1.2513689597372442 301.88202735588646 0.11905367414930065 0.817144694343767 2.5910582508542226 0.15009079076504867 268.2889657901345
string 301 -1.2513689597372442 301.88202735588646 0.18566061172373055 0.9024131959129355 2.5910582508542226 0.15009079076504867 268.86490932608
string 302 -1.2513689597372442 301.88202735588646 0.18566061172373055 0.9024131959129355 2.5910582508542226 0.15009079076504867 268.86490932608
string 303 -1.2513689597372442 301.88202735588646 0.22495063312881738 0.9952216322527516 2.5910582508542226 0.15009079076504867 270.3326213852366
string 304 -1.2513689597372442 301.88202735588646 0.22495063312881738 0.9952216322527516 2.5910582508542226 0.15009079076504867 270.3326213852366
string 305 -1.2513689597372442 301.88202735588646 0.3954412589539529 0.951483276821492 2.5910582508542226 0.15009079076504867 273.5877735881549
string 306 -1.2513689597372442 301.88202735588646 0.3954412589539529 0.9576244398462547 2.5244155707529785 0.15009079076504867 272.13149731167186
string 307 -1.2513689597372442 301.88202735588646 0.3954412589539529 0.9576244398462547 2.5244155707529785 0.15009079076504867 272.13149731167186
string 308 -1.2513689597372442 301.88202735588646 0.3954412589539529 0.9576244398462547 2.5244155707529785 0.15009079076504867 272.13149731167186
string 309 -1.2513689597372442 301.88202735588646 0.3954412589539529 0.9576244398462547 2.5244155707529785 0.15009079076504867 272.13149731167186
string 310 -1.2513689597372442 297.43142992849755 0.2958859930744666 0.9576244398462547 2.5244155707529785 0.15009079076504867 270.3249199147972
string 311 -1.2513689597372442 283.5924912512247 0.2958859930744666 0.9576244398462547 2.3571889226619502 0.15009079076504867 269.08921246001603
string 312 -1.2513689597372442 277.40773013305886 0.2958859930744666 0.9576244398462547 2.3787173930430283 0.15009079076504867 269.7371653186643
string 313 -1.2513689597372442 277.40773013305886 0.2958859930744666 0.9364168591199237 2.1772926116226894 0.15009079076504867 268.08469687969216
string 314 -1.2513689597372442 277.40773013305886 0.2958859930744666 0.9364168591199237 2.1772926116226894 0.15009079076504867 268.08469687969216
string 315 -1.2513689597372442 242.95427361471243 0.2958859930744666 0.9643883409459 2.1772926116226894 0.15009079076504867 270.1794009923668
string 316 -1.2513689597372442 242.95427361471243 0.28250323648512377 0.9643883409459 2.1226503911206835 0.15009079076504867 269.20706941086087
string 317 -1.2513689597372442 242.95427361471243 0.28250323648512377 0.9499000386072992 2.1226503911206835 0.14826535651624304 269.0432435189046
string 318 -1.2513689597372442 249.10132341329378 0.28250323648512377 0.9031796925198139 2.1226503911206835 0.14826535651624304 268.39600871131245
string 319 -1.2513689597372442 249.10132341329378 0.28250323648512377 0.9031796925198139 2.1226503911206835 0.14826535651624304 268.39600871131245
string 320 -1.3031733222542734 249.10132341329378 0.5453506531207921 0.9031796925198139 2.1226503911206835 0.14826535651624304 269.22338190679955
string 321 -1.3031733222542734 249.10132341329378 0.5453506531207921 0.8209090974667301 2.307689970050633 0.14826535651624304 268.8025737725346
string 322 -1.3031733222542734 249.10132341329378 0.5453506531207921 0.8209090974667301 2.307689970050633 0.14826535651624304 268.8025737725346
string 323 -1.3031733222542734 258.44635764115117 0.5453506531207921 0.8209090974667301 2.307689970050633 0.15939566691829565 269.1014470462263
string 324 -1.3031733222542734 258.44635764115117 0.5453506531207921 0.8209090974667301 2.307689970050633 0.15939566691829565 269.1014470462263
string 325 -1.3031733222542734 238.19640397017315 0.519371944790313 0.8209090974667301 2.307689970050633 0.15939566691829565 268.70964389682047
string 326 -1.3031733222542734 238.19640397017315 0.519371944790313 0.8209090974667301 2.269753249643577 0.17569708654111726 268.8928376281085
string 327 -1.3031733222542734 238.19640397017315 0.519371944790313 0.8209090974667301 2.269753249643577 0.17569708654111726 268.8928376281085
string 328 -1.3031733222542734 238.19640397017315 0.4881160785105793 0.8209090974667301 2.269753249643577 0.19778121472121102 268.97993320857347
string 329 -1.3031733222542734 238.19640397017315 0.4881160785105793 0.8209090974667301 2.269753249643577 0.19778121472121102 268.97993320857347
string 330 -1.3031733222542734 238.19640397017315 0.4881160785105793 0.8209090974667301 2.269753249643577 0.19778121472121102 268.97993320857347
string 331 -1.3031733222542734 239.48941702842194 0.4881160785105793 0.8209090974667301 2.313713039010526 0.19778121472121102 268.7176180955208
string 332 -1.3031733222542734 276.643061006541 0.4881160785105793 0.8620754969871004 2.313713039010526 0.19778121472121102 270.2114015051233
string 333 -1.3031733222542734 276.643061006541 0.4881160785105793 0.8620754969871004 2.313713039010526 0.19778121472121102 270.2114015051233
string 334 -1.3164500358106017 276.643061006541 0.4881160785105793 0.8620754969871004 2.4975710574723022 0.19778121472121102 269.8101660597057
string 335 -1.3164500358106017 253.5392139808387 0.4881160785105793 0.9161910011496377 2.4975710574723022 0.19778121472121102 268.49399406907827
string 336 -1.3164500358106017 253.5392139808387 0.4881160785105793 0.9161910011496377 2.4975710574723022 0.19778121472121102 268.49399406907827
string 337 -1.3164500358106017 253.5392139808387 0.4881160785105793 0.9161910011496377 2.4975710574723022 0.19778121472121102 268.49399406907827
string 338 -1.3164500358106017 253.5392139808387 0.6355358779121069 0.9161910011496377 2.385533656128059 0.19778121472121102 268.85315635293057
string 339 -1.3164500358106017 253.5392139808387 0.6355358779121069 0.9161910011496377 2.385533656128059 0.19778121472121102 268.85315635293057
string 340 -1.3164500358106017 240.97892020731072 0.6355358779121069 0.9161910011496377 2.2145936460179816 0.19778121472121102 268.70644146164705
string 341 -1.3164500358106017 240.97892020731072 0.744206243818853 0.9885995950761456 2.2145936460179816 0.19778121472121102 271.7323913965166
string 342 -1.3164500358106017 240.97892020731072 0.744206243818853 0.9885995950761456 2.2145936460179816 0.19778121472121102 271.7323913965166
string 343 -1.3164500358106017 240.97892020731072 0.7231270117164988 0.9885995950761456 2.2145936460179816 0.18231268906003067 271.06982834060335
string 344 -1.3164500358106017 240.97892020731072 0.7231270117164988 0.9885995950761456 2.2145936460179816 0.18231268906003067 271.06982834060335
string 345 -1.3164500358106017 240.97892020731072 0.7231270117164988 0.9885995950761456 2.2145936460179816 0.18231268906003067 271.06982834060335
string 346 -1.3164500358106017 240.97892020731072 0.7231270117164988 0.9471540381197631 2.2145936460179816 0.1552763298543662 270.6417957275227
string 347 -1.3164500358106017 240.97892020731072 0.7231270117164988 0.9471540381197631 2.2145936460179816 0.1552763298543662 270.6417957275227
string 348 -1.3164500358106017 240.97892020731072 0.6653176207114442 0.9471540381197631 2.3431531991922223 0.1552763298543662 270.52547816880076
string 349 -1.3164500358106017 229.82163217988324 0.513437485955961 0.9471540381197631 2.3431531991922223 0.1552763298543662 268.59953776551924
string 350 -1.3164500358106017 229.82163217988324 0.513437485955961 0.9471540381197631 2.3431531991922223 0.1552763298543662 268.59953776551924
string 351 -1.3164500358106017 229.82163217988324 0.513437485955961 0.9471540381197631 2.3431531991922223 0.1552763298543662 268.59953776551924
string 352 -1.3164500358106017 229.82163217988324 0.513437485955961 0.9471540381197631 2.3431531991922223 0.1552763298543662 268.59953776551924
string 353 -1.3164500358106017 229.82163217988324 0.513437485955961 0.9471540381197631 2.3431531991922223 0.1552763298543662 268.59953776551924
string 354 -1.3164500358106017 229.82163217988324 0.44933735430382 0.9471540381197631 2.291921585884522 0.1552763298543662 268.6303417577019
string 355 -1.3164500358106017 229.82163217988324 0.4363060245261619 0.894576236612032 2.291921585884522 0.1552763298543662 269.3368490737575
string 356 -1.3164500358106017 229.82163217988324 0.4363060245261619 0.9467628033465972 2.312577425474634 0.1552763298543662 268.65630345512506
string 357 -1.3164500358106017 229.82163217988324 0.48530499960583556 0.9467628033465972 2.312577425474634 0.17148955188278842 268.50992233728323
string 358 -1.3164500358106017 229.82163217988324 0.48530499960583556 0.9467628033465972 2.312577425474634 0.17148955188278842 268.50992233728323
string 359 -1.3164500358106017 229.82163217988324 0.48530499960583556 0.9467628033465972 2.312577425474634 0.17148955188278842 268.50992233728323
string 360 -1.3164500358106017 229.82163217988324 0.48530499960583556 0.9700458512361702 2.0091542484535485 0.17148955188278842 271.3535558851887
string 361 -1.3164500358106017 229.82163217988324 0.5983616862016977 0.9700458512361702 1.9467724498640708 0.17148955188278842 269.94164407815043
string 362 -1.3164500358106017 213.31000366486703 0.6498771399648104 0.9700458512361702 1.9467724498640708 0.17148955188278842 268.8599217953837
string 363 -1.3164500358106017 187.2230238875792 0.6498771399648104 0.9700458512361702 1.9467724498640708 0.19228772466173003 270.54865121580383
string 364 -1.3164500358106017 187.2230238875792 0.6498771399648104 0.9700458512361702 1.9467724498640708 0.19228772466173003 270.54865121580383
string 365 -1.3164500358106017 187.2230238875792 0.6498771399648104 0.9700458512361702 1.9467724498640708 0.19228772466173003 270.54865121580383
string 366 -1.3164500358106017 187.2230238875792 0.6498771399648104 0.9700458512361702 1.9724874089068307 0.16125745211240017 271.51519602747146
string 367 -1.3164500358106017 187.2230238875792 0.6790138475864858 0.9699252415639831 1.9724874089068307 0.16125745211240017 272.6003068259912
string 368 -1.3164500358106017 187.2230238875792 0.6790138475864858 0.9699252415639831 1.9724874089068307 0.16125745211240017 272.6003068259912
string 369 -1.3164500358106017 187.2230238875792 0.6790138475864858 0.9699252415639831 1.9724874089068307 0.16125745211240017 272.6003068259912
string 370 -1.3164500358106017 187.2230238875792 0.6790138475864858 0.935359138352226 1.7532086374396822 0.16125745211240017 269.2439126704379
string 371 -1.3164500358106017 187.2230238875792 0.6790138475864858 0.935359138352226 1.7532086374396822 0.16125745211240017 269.2439126704379
string 372 -1.3164500358106017 187.2230238875792 0.6790138475864858 0.935359138352226 1.7532086374396822 0.16125745211240017 269.2439126704379
string 373 -1.3164500358106017 185.00143590547106 0.6790138475864858 0.9020585816915322 1.7532086374396822 0.16125745211240017 269.2743678154093
string 374 -1.3164500358106017 185.00143590547106 0.7593460610028153 0.9020585816915322 1.7532086374396822 0.1605432591369971 269.9138765988463
string 375 -1.3164500358106017 185.00143590547106 0.7593460610028153 0.8671329099672436 1.6181729287117455 0.1605432591369971 269.8757495656869
string 376 -1.3164500358106017 185.00143590547106 0.7593460610028153 0.8671329099672436 1.6181729287117455 0.1605432591369971 269.8757495656869
string 377 -1.3164500358106017 185.00143590547106 0.7593460610028153 0.8671329099672436 1.6181729287117455 0.1605432591369971 269.8757495656869
string 378 -1.3164500358106017 185.00143590547106 0.7593460610028153 0.8671329099672436 1.6181729287117455 0.1605432591369971 269.8757495656869
string 379 -1.3164500358106017 185.00143590547106 0.7593460610028153 0.8671329099672436 1.6181729287117455 0.1605432591369971 269.8757495656869
string 380 -1.3164500358106017 185.00143590547106 0.7593460610028153 0.8671329099672436 1.6780266881058763 0.16149878068692533 269.5175537771406
string 381 -1.3164500358106017 185.00143590547106 0.7593460610028153 0.8671329099672436 1.6780266881058763 0.16149878068692533 269.5175537771406
string 382 -1.3164500358106017 185.00143590547106 0.7593460610028153 0.9657838953733269 1.6780266881058763 0.14801106385528048 269.84193532030923
string 383 -1.3164500358106017 185.00143590547106 0.7593460610028153 0.9657838953733269 1.6780266881058763 0.14801106385528048 269.84193532030923
string 384 -1.3164500358106017 185.00143590547106 0.7593460610028153 0.9657838953733269 1.6780266881058763 0.14801106385528048 269.84193532030923
string 385 -1.3164500358106017 185.00143590547106 0.7593460610028153 0.9657838953733269 1.6780266881058763 0.14801106385528048 269.84193532030923
string 386 -1.3164500358106017 185.00143590547106 0.8346365322144906 0.9869438947558019 1.6780266881058763 0.14801106385528048 272.34037153947224
string 387 -1.3164500358106017 183.0546623426932 0.8346365322144906 0.8823385511578276 1.6780266881058763 0.14801106385528048 270.6124688009571
string 388 -1.3164500358106017 183.0546623426932 0.8346365322144906 0.8823385511578276 1.6780266881058763 0.14801106385528048 270.6124688009571
string 389 -1.3164500358106017 183.0546623426932 0.8346365322144906 0.8732932709777331 1.5841930028376217 0.14801106385528048 269.63564470356596
string 390 -1.3164500358106017 183.0546623426932 0.9068543716904915 0.8547984792068647 1.5841930028376217 0.14801106385528048 270.15699291898954
string 391 -1.3164500358106017 183.0546623426932 0.9068543716904915 0.8547984792068647 1.5841930028376217 0.14801106385528048 270.15699291898954
string 392 -1.3164500358106017 183.98121158927918 0.9068543716904915 0.8547984792068647 1.4771207518163296 0.14801106385528048 269.8405266976532
string 393 -1.3164500358106017 183.98121158927918 0.9413472244164591 0.8936485833917032 1.4771207518163296 0.14801106385528048 269.90926425403404
string 394 -1.3164500358106017 183.98121158927918 0.9413472244164591 0.8936485833917032 1.4771207518163296 0.14801106385528048 269.90926425403404
string 395 -1.3164500358106017 183.98121158927918 0.9413472244164591 0.8936485833917032 1.4771207518163296 0.14801106385528048 269.90926425403404
string 396 -1.3261728246407953 183.98121158927918 1.099323166097702 0.8936485833917032 1.4771207518163296 0.14801106385528048 271.59897351447717
string 397 -1.3261728246407953 183.98121158927918 1.099323166097702 0.8936485833917032 1.4771207518163296 0.14801106385528048 271.59897351447717
string 398 -1.3261728246407953 183.98121158927918 1.099323166097702 0.8936485833917032 1.4771207518163296 0.14801106385528048 271.59897351447717
string 399 -1.3261728246407953 215.5998839922866 1.099323166097702 0.8936485833917032 1.3966022031041037 0.14801106385528048 270.16710237243836
string 400 -1.3261728246407953 215.5998839922866 0.9857393532610611 0.9857266982318473 1.3966022031041037 0.14801106385528048 270.2580964688725
string 401 -1.3261728246407953 215.5998839922866 0.9857393532610611 0.9857266982318473 1.3966022031041037 0.14801106385528048 270.2580964688725
string 402 -1.3261728246407953 215.5998839922866 0.9857393532610611 0.9857266982318473 1.3966022031041037 0.14801106385528048 270.2580964688725
string 403 -1.3261728246407953 215.5998839922866 1.1296438378168225 0.9712713598831048 1.3966022031041037 0.14801106385528048 270.2357400001317
string 404 -1.3261728246407953 215.5998839922866 1.0221652688177958 0.9712713598831048 1.3462676662578585 0.14801106385528048 270.69601420523736
string 405 -1.3261728246407953 215.5998839922866 1.0221652688177958 0.9712713598831048 1.3462676662578585 0.14801106385528048 270.69601420523736
string 406 -1.3261728246407953 215.5998839922866 1.0221652688177958 0.9712713598831048 1.3462676662578585 0.14801106385528048 270.69601420523736
string 407 -1.3214154749507732 215.5998839922866 0.9702897640536792 0.9712713598831048 1.3462676662578585 0.14801106385528048 271.23969507111747
string 408 -1.3214154749507732 215.5998839922866 1.0332286660037584 0.9712713598831048 1.3462676662578585 0.17079476717217917 270.40423727391743
string 409 -1.3214154749507732 200.06566057149433 0.9764423045087025 0.9712713598831048 1.3462676662578585 0.17079476717217917 270.5348021287995
string 410 -1.3214154749507732 200.06566057149433 0.9764423045087025 0.9712713598831048 1.3462676662578585 0.17079476717217917 270.5348021287995
string 411 -1.3214154749507732 200.06566057149433 0.9764423045087025 0.9712713598831048 1.4803328359322796 0.1237721241972984 270.35475888588724
string 412 -1.3214154749507732 200.06566057149433 0.9764423045087025 0.9712713598831048 1.4803328359322796 0.1237721241972984 270.35475888588724
string 413 -1.3214154749507732 200.06566057149433 0.9764423045087025 0.9712713598831048 1.4803328359322796 0.1237721241972984 270.35475888588724
string 414 -1.3214154749507732 200.06566057149433 0.9940678175761817 0.9712713598831048 1.3461513785693204 0.1237721241972984 269.74091775084446
string 415 -1.3214154749507732 200.06566057149433 1.104811234125584 0.9712713598831048 1.3461513785693204 0.1229714855406819 270.82851933413576
string 416 -1.3214154749507732 200.06566057149433 1.104811234125584 0.9712713598831048 1.3461513785693204 0.1229714855406819 270.82851933413576
string 417 -1.3214154749507732 200.06566057149433 1.104811234125584 0.9712713598831048 1.3565253196842164 0.1312386076727358 270.7049888336187
string 418 -1.3214154749507732 200.06566057149433 1.104811234125584 0.9712713598831048 1.3565253196842164 0.1312386076727358 270.7049888336187
string 419 -1.3214154749507732 237.75566637170363 1.104811234125584 0.9712713598831048 1.3565253196842164 0.13773482549541383 269.83220459702943
string 420 -1.3214154749507732 237.75566637170363 1.1134084233873949 0.9777834800957647 1.3565253196842164 0.13773482549541383 269.78615633730465
string 421 -1.3214154749507732 237.75566637170363 1.1134084233873949 0.9311402341256386 1.2927220207640495 0.13773482549541383 271.11450932550497
string 422 -1.3214154749507732 252.25847159434463 1.1134084233873949 0.9311402341256386 1.2927220207640495 0.1130516350948393 270.8243304822735
string 423 -1.3214154749507732 252.25847159434463 1.1134084233873949 0.9311402341256386 1.2927220207640495 0.1130516350948393 270.8243304822735
string 424 -1.3214154749507732 234.24891295277865 1.1134084233873949 0.899747273189134 1.2927220207640495 0.1130516350948393 270.8412505681973
string 425 -1.3214154749507732 234.24891295277865 1.1134084233873949 0.899747273189134 1.2927220207640495 0.1130516350948393 270.8412505681973
string 426 -1.3214154749507732 234.24891295277865 1.1134084233873949 0.899747273189134 1.1360856442643597 0.09417123081747689 274.6908201477694
string 427 -1.3214154749507732 234.24891295277865 1.1134084233873949 0.899747273189134 1.1360856442643597 0.09417123081747689 274.6908201477694
string 428 -1.3214154749507732 234.24891295277865 1.1134084233873949 0.9113520121810754 1.0391221858544697 0.09417123081747689 279.30898464519186
string 429 -1.3214154749507732 234.24891295277865 1.1134084233873949 0.9113520121810754 1.0391221858544697 0.09417123081747689 279.30898464519186
string 430 -1.3214154749507732 234.24891295277865 1.1134084233873949 0.9113520121810754 1.0391221858544697 0.09417123081747689 279.30898464519186
string 431 -1.3214154749507732 234.24891295277865 1.1540006350008591 0.9113520121810754 1.3107218416185449 0.09417123081747689 270.0202619725836
string 432 -1.3214154749507732 234.24891295277865 1.0811994168744625 0.9113520121810754 1.5253286216005573 0.09417123081747689 271.7502414481206
string 433 -1.3214154749507732 234.24891295277865 1.0811994168744625 0.9113520121810754 1.5253286216005573 0.09417123081747689 271.7502414481206
string 434 -1.3214154749507732 234.24891295277865 1.0811994168744625 0.9113520121810754 1.5253286216005573 0.09417123081747689 271.7502414481206
string 435 -1.3214154749507732 247.9467446923955 1.0811994168744625 0.9333311606274401 1.5253286216005573 0.09417123081747689 271.52667572867256
string 436 -1.3214154749507732 247.9467446923955 1.0129716701220723 0.9333311606274401 1.3034156456785908 0.09417123081747689 272.1854060259236
string 437 -1.3214154749507732 247.9467446923955 1.0325779645850333 0.9333311606274401 1.3741711568016466 0.09417123081747689 270.0684742585215
string 438 -1.3214154749507732 247.9467446923955 1.0325779645850333 0.9333311606274401 1.3741711568016466 0.09417123081747689 270.0684742585215
string 439 -1.3214154749507732 247.9467446923955 1.0325779645850333 0.9333311606274401 1.3741711568016466 0.09417123081747689 270.0684742585215
string 440 -1.3214154749507732 247.9467446923955 1.0325779645850333 0.9333311606274401 1.3741711568016466 0.09417123081747689 270.0684742585215
string 441 -1.3214154749507732 247.9467446923955 1.0325779645850333 0.9333311606274401 1.3999538937132958 0.10106393258514712 269.87707866755176
string 442 -1.3214154749507732 247.9467446923955 1.0325779645850333 0.9333311606274401 1.3999538937132958 0.10106393258514712 269.87707866755176
string 443 -1.3214154749507732 254.58308266643118 1.1240137333697382 0.9333311606274401 1.3999538937132958 0.10106393258514712 269.9023030950931
string 444 -1.3214154749507732 254.58308266643118 1.1540951847136138 0.9333311606274401 1.35288059812212 0.10106393258514712 269.9526744008062
string 445 -1.3214154749507732 254.58308266643118 1.150358484062148 0.9333311606274401 1.2108372305876083 0.10106393258514712 271.3273124244996
string 446 -1.3214154749507732 254.58308266643118 1.150358484062148 0.9333311606274401 1.2108372305876083 0.10106393258514712 271.3273124244996
string 447 -1.3214154749507732 254.58308266643118 1.150358484062148 0.9333311606274401 1.0521041570350618 0.09716783004406213 277.66506518106524
string 448 -1.3214154749507732 265.00816374550067 1.150358484062148 0.9915750134636372 1.0521041570350618 0.09716783004406213 275.9855581326888
string 449 -1.3214154749507732 265.00816374550067 1.150358484062148 0.9915750134636372 1.0521041570350618 0.09716783004406213 275.9855581326888
string 450 -1.3214154749507732 265.00816374550067 1.3065015317259718 0.9915750134636372 1.0521041570350618 0.10249698349652865 271.5885859509681
string 451 -1.3214154749507732 251.10812953303537 1.3065015317259718 0.9915750134636372 1.0521041570350618 0.10768336526769973 271.71162250289757
string 452 -1.3214154749507732 251.10812953303537 1.3065015317259718 0.9915750134636372 1.0521041570350618 0.10768336526769973 271.71162250289757
string 453 -1.3214154749507732 234.73550147545762 1.3065015317259718 0.9915099508134108 1.0521041570350618 0.10768336526769973 271.12349550669
string 454 -1.3214154749507732 234.73550147545762 1.3065015317259718 0.9915099508134108 1.0521041570350618 0.10768336526769973 271.12349550669
string 455 -1.3214154749507732 196.872082630313 1.2595928753881325 0.9915099508134108 1.0521041570350618 0.10768336526769973 270.60698850814276
string 456 -1.3214154749507732 196.872082630313 1.2595928753881325 0.9915099508134108 1.0521041570350618 0.10768336526769973 270.60698850814276
