string 0 -1.1396585994191188 252.01544713366457 -0.7949245995293446 0.037588319879390306 3.312101395433256 0.2167439920053184 361.439202080724
string 1 -1.156018467992517 252.01544713366457 -0.7949245995293446 0.10103554221934408 3.312101395433256 0.2167439920053184 272.85380033703865
string 2 -1.156018467992517 252.01544713366457 -0.7949245995293446 0.10103554221934408 3.312101395433256 0.2167439920053184 272.85380033703865
string 3 -1.156018467992517 252.01544713366457 -0.7949245995293446 0.10103554221934408 3.312101395433256 0.2167439920053184 272.85380033703865
string 4 -1.156018467992517 212.11604618124326 -0.7949245995293446 0.10103554221934408 3.312101395433256 0.20671338404303322 270.11884379479784
string 5 -1.156018467992517 212.11604618124326 -0.7949245995293446 0.10503800910353021 3.2665200574283566 0.20671338404303322 270.068012876379
string 6 -1.156018467992517 212.11604618124326 -0.7949245995293446 0.10503800910353021 3.2665200574283566 0.20671338404303322 270.068012876379
string 7 -1.156018467992517 212.11604618124326 -0.8696137427379933 0.10503800910353021 3.2665200574283566 0.27127513152672167 270.8908720509386
string 8 -1.156018467992517 223.41316963699464 -0.8696137427379933 0.10503800910353021 3.2665200574283566 0.2591609957261715 270.0175492802657
string 9 -1.156018467992517 223.41316963699464 -1.005616073880402 0.10503800910353021 3.202850446377478 0.2591609957261715 270.1999579099561
string 10 -1.156018467992517 234.03143139430625 -1.0309237430901017 0.10503800910353021 3.202850446377478 0.2591609957261715 270.0940692474499
string 11 -1.156018467992517 234.03143139430625 -1.0309237430901017 0.10503800910353021 3.202850446377478 0.2591609957261715 270.0940692474499
string 12 -1.156018467992517 234.03143139430625 -1.0309237430901017 0.10503800910353021 3.202850446377478 0.2591609957261715 270.0940692474499
string 13 -1.156018467992517 234.03143139430625 -1.0309237430901017 0.10503800910353021 3.202850446377478 0.2591609957261715 270.0940692474499
string 14 -1.156018467992517 234.03143139430625 -0.9342443710314967 0.10503800910353021 3.202850446377478 0.22988609385578934 270.2830112581989
string 15 -1.156018467992517 234.03143139430625 -0.9342443710314967 0.10503800910353021 3.202850446377478 0.22988609385578934 270.2830112581989
string 16 -1.156018467992517 234.03143139430625 -0.9679691031381211 0.11913301217140766 3.202850446377478 0.22988609385578934 270.0408561750796
string 17 -1.156018467992517 234.03143139430625 -0.9679691031381211 0.11913301217140766 3.202850446377478 0.22988609385578934 270.0408561750796
string 18 -1.156018467992517 234.03143139430625 -0.9679691031381211 0.11913301217140766 3.202850446377478 0.22988609385578934 270.0408561750796
string 19 -1.156018467992517 234.03143139430625 -0.9679691031381211 0.11913301217140766 3.202850446377478 0.22988609385578934 270.0408561750796
string 20 -1.156018467992517 234.03143139430625 -0.8478576669796006 0.11913301217140766 3.202850446377478 0.22193212307052324 269.7147958521793
string 21 -1.156018467992517 234.03143139430625 -0.8478576669796006 0.1282175086230776 3.15171781023079 0.22193212307052324 269.5904489831244
string 22 -1.156018467992517 234.03143139430625 -0.8478576669796006 0.1282175086230776 3.15171781023079 0.22193212307052324 269.5904489831244
string 23 -1.156018467992517 234.03143139430625 -0.8478576669796006 0.1282175086230776 3.15171781023079 0.22193212307052324 269.5904489831244
string 24 -1.156018467992517 234.03143139430625 -0.8478576669796006 0.1282175086230776 3.15171781023079 0.22193212307052324 269.5904489831244
string 25 -1.156018467992517 234.03143139430625 -0.8478576669796006 0.1282175086230776 3.15171781023079 0.22193212307052324 269.5904489831244
string 26 -1.156018467992517 234.03143139430625 -0.7632951499192641 0.1282175086230776 3.1182489719825863 0.22193212307052324 269.6131481712471
string 27 -1.156018467992517 234.03143139430625 -0.7632951499192641 0.1282175086230776 3.1182489719825863 0.22193212307052324 269.6131481712471
string 28 -1.156018467992517 234.03143139430625 -0.7632951499192641 0.1282175086230776 3.1182489719825863 0.22193212307052324 269.6131481712471
string 29 -1.156018467992517 234.03143139430625 -0.7632951499192641 0.1282175086230776 3.1182489719825863 0.22193212307052324 269.6131481712471
string 30 -1.156018467992517 234.03143139430625 -0.7632951499192641 0.1282175086230776 3.1182489719825863 0.22193212307052324 269.6131481712471
string 31 -1.156018467992517 238.39548486150176 -0.7632951499192641 0.09997625642854557 3.1182489719825863 0.22193212307052324 274.04408251028224
string 32 -1.156018467992517 196.50770062301365 -0.7632951499192641 0.10206091565419499 3.1182489719825863 0.22193212307052324 270.2289783027229
string 33 -1.156018467992517 199.8130470224397 -0.6790023096815122 0.10206091565419499 3.1182489719825863 0.22193212307052324 270.1830586764522
string 34 -1.156018467992517 199.8130470224397 -0.6790023096815122 0.10206091565419499 3.1182489719825863 0.22193212307052324 270.1830586764522
string 35 -1.156018467992517 199.8130470224397 -0.5618852770739566 0.10206091565419499 3.1491772829251627 0.22193212307052324 270.23977211584344
string 36 -1.156018467992517 199.8130470224397 -0.5618852770739566 0.10206091565419499 3.1491772829251627 0.22193212307052324 270.23977211584344
string 37 -1.156018467992517 199.8130470224397 -0.5618852770739566 0.10206091565419499 3.1491772829251627 0.22193212307052324 270.23977211584344
string 38 -1.1491183564412244 195.90582173634436 -0.5618852770739566 0.10206091565419499 3.1491772829251627 0.22193212307052324 269.94225865979365
string 39 -1.1491183564412244 195.90582173634436 -0.5618852770739566 0.10206091565419499 3.1491772829251627 0.22193212307052324 269.94225865979365
string 40 -1.1491183564412244 195.90582173634436 -0.5618852770739566 0.10206091565419499 3.1491772829251627 0.22193212307052324 269.94225865979365
string 41 -1.1491183564412244 229.81982129385375 -0.5618852770739566 0.10206091565419499 3.122441858208854 0.22193212307052324 271.5202561968284
string 42 -1.1491183564412244 229.81982129385375 -0.5618852770739566 0.10206091565419499 3.122441858208854 0.22193212307052324 271.5202561968284
string 43 -1.1267264973030093 229.81982129385375 -0.5618852770739566 0.10206091565419499 3.322252007025841 0.22193212307052324 270.09423988847806
string 44 -1.1267264973030093 223.0935307795728 -0.560437057965261 0.10206091565419499 3.322252007025841 0.22193212307052324 270.57811937895383
string 45 -1.1267264973030093 223.0935307795728 -0.560437057965261 0.10206091565419499 3.322252007025841 0.22193212307052324 270.57811937895383
string 46 -1.1267264973030093 223.0935307795728 -0.560437057965261 0.10206091565419499 3.322252007025841 0.22193212307052324 270.57811937895383
string 47 -1.1267264973030093 223.0935307795728 -0.48868657848977026 0.09030804103344615 3.322252007025841 0.22193212307052324 270.3903967429343
string 48 -1.1248866095313927 223.0935307795728 -0.5400207404347308 0.09030804103344615 3.322252007025841 0.22193212307052324 270.3242211605201
string 49 -1.1248866095313927 223.0935307795728 -0.3954695499467713 0.09030804103344615 3.315907010248262 0.22193212307052324 270.4054504167011
string 50 -1.1248866095313927 223.0935307795728 -0.3954695499467713 0.09030804103344615 3.315907010248262 0.22193212307052324 270.4054504167011
string 51 -1.1248866095313927 223.0935307795728 -0.3954695499467713 0.09030804103344615 3.315907010248262 0.22193212307052324 270.4054504167011
string 52 -1.1248866095313927 202.09735232543616 -0.3835120497006043 0.09030804103344615 3.315907010248262 0.22193212307052324 270.0545009765886
string 53 -1.1248866095313927 202.09735232543616 -0.3835120497006043 0.09030804103344615 3.315907010248262 0.22193212307052324 270.0545009765886
string 54 -1.1248866095313927 202.09735232543616 -0.2688064006437719 0.09030804103344615 3.511004009279346 0.22193212307052324 270.7028134082568
string 55 -1.1248866095313927 202.09735232543616 -0.2688064006437719 0.09030804103344615 3.511004009279346 0.22193212307052324 270.7028134082568
string 56 -1.1248866095313927 202.09735232543616 -0.31634767245739825 0.0709509331961879 3.511004009279346 0.22193212307052324 272.8954163405342
string 57 -1.0597143111618699 202.09735232543616 -0.31634767245739825 0.06082475194792228 3.511004009279346 0.22193212307052324 269.8802590516317
string 58 -1.0597143111618699 202.09735232543616 -0.31634767245739825 0.06082475194792228 3.511004009279346 0.22193212307052324 269.8802590516317
string 59 -1.0597143111618699 202.09735232543616 -0.31634767245739825 0.06082475194792228 3.511004009279346 0.22193212307052324 269.8802590516317
string 60 -1.0597143111618699 202.09735232543616 -0.31634767245739825 0.06082475194792228 3.511004009279346 0.22193212307052324 269.8802590516317
string 61 -1.0597143111618699 179.3429181668703 -0.31634767245739825 0.05624283417397558 3.511004009279346 0.22193212307052324 270.5136058836727
string 62 -1.0867814843670458 165.23557445318295 -0.31634767245739825 0.05624283417397558 3.511004009279346 0.22193212307052324 270.7890827300783
string 63 -1.0867814843670458 165.23557445318295 -0.31634767245739825 0.05624283417397558 3.511004009279346 0.22193212307052324 270.7890827300783
string 64 -1.0867814843670458 165.23557445318295 -0.31634767245739825 0.05624283417397558 3.511004009279346 0.22193212307052324 270.7890827300783
string 65 -1.0967496716124339 165.23557445318295 -0.31634767245739825 0.05624283417397558 3.527031093809351 0.22193212307052324 271.54346986511337
string 66 -1.0967496716124339 165.23557445318295 -0.31634767245739825 0.05624283417397558 3.527031093809351 0.22193212307052324 271.54346986511337
string 67 -1.0967496716124339 165.23557445318295 -0.31634767245739825 0.05624283417397558 3.527031093809351 0.22193212307052324 271.54346986511337
string 68 -1.0967496716124339 165.23557445318295 -0.31634767245739825 0.05624283417397558 3.527031093809351 0.22193212307052324 271.54346986511337
string 69 -1.0967496716124339 165.23557445318295 -0.31634767245739825 0.05624283417397558 3.527031093809351 0.22193212307052324 271.54346986511337
string 70 -1.0967496716124339 165.23557445318295 -0.31634767245739825 0.05624283417397558 3.527031093809351 0.22193212307052324 271.54346986511337
string 71 -1.0967496716124339 165.23557445318295 -0.31634767245739825 0.05624283417397558 3.527031093809351 0.22193212307052324 271.54346986511337
string 72 -1.0967496716124339 182.7350051027846 -0.29088902579793185 0.05624283417397558 3.527031093809351 0.22193212307052324 273.80325059931806
string 73 -1.0967496716124339 160.18648595337882 -0.29088902579793185 0.05624283417397558 3.422345491669737 0.22193212307052324 272.1313344415531
string 74 -1.0967496716124339 160.18648595337882 -0.29088902579793185 0.05624283417397558 3.422345491669737 0.22193212307052324 272.1313344415531
string 75 -1.0967496716124339 160.18648595337882 -0.3344414668139476 0.05624283417397558 3.2600007778293127 0.22193212307052324 272.89968819136897
string 76 -1.0967496716124339 160.18648595337882 -0.29039731777446476 0.05624283417397558 3.426599899640183 0.22193212307052324 271.6022819448931
string 77 -1.0967496716124339 160.18648595337882 -0.29039731777446476 0.05624283417397558 3.426599899640183 0.22193212307052324 271.6022819448931
string 78 -1.0967496716124339 134.279835933468 -0.29039731777446476 0.05624283417397558 3.370940536808175 0.22193212307052324 270.88966753319346
string 79 -1.0967496716124339 134.279835933468 -0.29039731777446476 0.05624283417397558 3.370940536808175 0.22193212307052324 270.88966753319346
string 80 -1.0967496716124339 134.279835933468 -0.29039731777446476 0.05624283417397558 3.370940536808175 0.22193212307052324 270.88966753319346
string 81 -1.0967496716124339 134.279835933468 -0.29039731777446476 0.05624283417397558 3.370940536808175 0.22193212307052324 270.88966753319346
string 82 -1.0967496716124339 134.279835933468 -0.29039731777446476 0.05624283417397558 3.370940536808175 0.22193212307052324 270.88966753319346
string 83 -1.0967496716124339 134.279835933468 -0.29039731777446476 0.05624283417397558 3.370940536808175 0.22193212307052324 270.88966753319346
string 84 -1.0967496716124339 134.279835933468 -0.29039731777446476 0.05624283417397558 3.370940536808175 0.22193212307052324 270.88966753319346
string 85 -1.0967496716124339 134.279835933468 -0.31131241804775056 0.05624283417397558 3.370940536808175 0.21908722547501028 270.714908885349
string 86 -1.0967496716124339 133.75446238354337 -0.37151432071744056 0.05624283417397558 3.370940536808175 0.21908722547501028 270.97031875036237
string 87 -1.0967496716124339 133.75446238354337 -0.37151432071744056 0.05624283417397558 3.370940536808175 0.21908722547501028 270.97031875036237
string 88 -1.0967496716124339 133.75446238354337 -0.37151432071744056 0.05624283417397558 3.370940536808175 0.21908722547501028 270.97031875036237
string 89 -1.0967496716124339 116.51177082832035 -0.33730858798133967 0.05624283417397558 3.370940536808175 0.21908722547501028 272.02729551258375
string 90 -1.0996983670347038 116.51177082832035 -0.33730858798133967 0.05624283417397558 3.456388913183473 0.21908722547501028 272.88888651120413
string 91 -1.0996983670347038 116.51177082832035 -0.33730858798133967 0.05624283417397558 3.456388913183473 0.21908722547501028 272.88888651120413
string 92 -1.0996983670347038 116.51177082832035 -0.33730858798133967 0.05624283417397558 3.456388913183473 0.21908722547501028 272.88888651120413
string 93 -1.0996983670347038 116.51177082832035 -0.33730858798133967 0.05624283417397558 3.456388913183473 0.21908722547501028 272.88888651120413
string 94 -1.0996983670347038 116.51177082832035 -0.33730858798133967 0.05624283417397558 3.456388913183473 0.21908722547501028 272.88888651120413
string 95 -1.0996983670347038 145.85585976261635 -0.33730858798133967 0.06847317180893694 3.456388913183473 0.21908722547501028 274.5299752328383
string 96 -1.0996983670347038 145.85585976261635 -0.33730858798133967 0.06847317180893694 3.456388913183473 0.21908722547501028 274.5299752328383
string 97 -1.0996983670347038 145.85585976261635 -0.33730858798133967 0.06847317180893694 3.456388913183473 0.21908722547501028 274.5299752328383
string 98 -1.0996983670347038 145.85585976261635 -0.22792653274164465 0.06847317180893694 3.271265890567279 0.21908722547501028 271.2654920887109
string 99 -1.0996983670347038 145.85585976261635 -0.22792653274164465 0.06044120674391311 3.271265890567279 0.2280292087517451 271.4616561942707
string 100 -1.0996983670347038 145.85585976261635 -0.22792653274164465 0.06044120674391311 3.271265890567279 0.2280292087517451 271.4616561942707
string 101 -1.0996983670347038 161.3150262231669 -0.22792653274164465 0.06044120674391311 3.271265890567279 0.22135638766906934 272.5237548053656
string 102 -1.0311962119900548 161.3150262231669 -0.22792653274164465 0.06044120674391311 3.271265890567279 0.18674693367374504 271.17221054900244
string 103 -1.0311962119900548 161.3150262231669 -0.22792653274164465 0.06044120674391311 3.271265890567279 0.18674693367374504 271.17221054900244
string 104 -1.0311962119900548 161.3150262231669 -0.22792653274164465 0.06044120674391311 3.271265890567279 0.18674693367374504 271.17221054900244
string 105 -1.0311962119900548 161.3150262231669 -0.22792653274164465 0.06044120674391311 3.271265890567279 0.18674693367374504 271.17221054900244
string 106 -1.0311962119900548 161.3150262231669 -0.22792653274164465 0.06044120674391311 3.271265890567279 0.18674693367374504 271.17221054900244
string 107 -1.0311962119900548 161.3150262231669 -0.22792653274164465 0.06044120674391311 3.271265890567279 0.18674693367374504 271.17221054900244
string 108 -1.0311962119900548 161.3150262231669 -0.22792653274164465 0.06044120674391311 3.271265890567279 0.18674693367374504 271.17221054900244
string 109 -1.0311962119900548 161.3150262231669 -0.22792653274164465 0.06044120674391311 3.271265890567279 0.18674693367374504 271.17221054900244
string 110 -1.0311962119900548 161.3150262231669 -0.22792653274164465 0.06044120674391311 3.38301710366413 0.19656460233555018 272.3675296415291
string 111 -1.0311962119900548 161.3150262231669 -0.22792653274164465 0.06044120674391311 3.38301710366413 0.19656460233555018 272.3675296415291
string 112 -1.0311962119900548 161.3150262231669 -0.22792653274164465 0.06044120674391311 3.38301710366413 0.19656460233555018 272.3675296415291
string 113 -1.0311962119900548 161.3150262231669 -0.22792653274164465 0.06044120674391311 3.38301710366413 0.19656460233555018 272.3675296415291
string 114 -1.0311962119900548 161.3150262231669 -0.22792653274164465 0.06044120674391311 3.38301710366413 0.19656460233555018 272.3675296415291
string 115 -1.0311962119900548 161.3150262231669 -0.22792653274164465 0.06044120674391311 3.38301710366413 0.19656460233555018 272.3675296415291
string 116 -1.0311962119900548 202.1915472035889 -0.22792653274164465 0.06044120674391311 3.550882593306328 0.19656460233555018 269.2543055754649
string 117 -1.0311962119900548 202.1915472035889 -0.22792653274164465 0.06044120674391311 3.550882593306328 0.19656460233555018 269.2543055754649
string 118 -1.0311962119900548 202.1915472035889 -0.22792653274164465 0.06044120674391311 3.550882593306328 0.19656460233555018 269.2543055754649
string 119 -1.0311962119900548 202.1915472035889 -0.156619176630712 0.06044120674391311 3.3178074340805117 0.19656460233555018 269.61434841256585
string 120 -1.0311962119900548 202.1915472035889 -0.156619176630712 0.06044120674391311 3.3178074340805117 0.19656460233555018 269.61434841256585
string 121 -1.0141179437287748 202.1915472035889 -0.10350895709145203 0.06044120674391311 3.3178074340805117 0.19656460233555018 269.4255975033328
string 122 -1.0141179437287748 202.1915472035889 -0.10350895709145203 0.06044120674391311 3.3178074340805117 0.19656460233555018 269.4255975033328
string 123 -1.0141179437287748 202.1915472035889 -0.10350895709145203 0.06044120674391311 3.3178074340805117 0.19656460233555018 269.4255975033328
string 124 -1.0141179437287748 202.1915472035889 -0.1293512782828476 0.06044120674391311 3.538839088565794 0.19656460233555018 270.6214032616981
string 125 -1.0141179437287748 202.1915472035889 -0.1293512782828476 0.06044120674391311 3.538839088565794 0.19656460233555018 270.6214032616981
string 126 -1.0141179437287748 202.1915472035889 -0.1293512782828476 0.06044120674391311 3.538839088565794 0.19656460233555018 270.6214032616981
string 127 -1.0141179437287748 202.1915472035889 -0.1293512782828476 0.06044120674391311 3.538839088565794 0.19656460233555018 270.6214032616981
string 128 -1.0141179437287748 202.1915472035889 -0.1293512782828476 0.06044120674391311 3.538839088565794 0.19656460233555018 270.6214032616981
string 129 -1.0141179437287748 202.1915472035889 -0.1293512782828476 0.06044120674391311 3.538839088565794 0.19656460233555018 270.6214032616981
string 130 -1.0141179437287748 202.1915472035889 -0.1293512782828476 0.06044120674391311 3.538839088565794 0.19656460233555018 270.6214032616981
string 131 -1.0141179437287748 202.1915472035889 -0.14535304035501495 0.06044120674391311 3.445426037447323 0.19656460233555018 269.8250678780938
string 132 -1.0229484885411955 202.1915472035889 -0.14535304035501495 0.06044120674391311 3.3934506806243188 0.19656460233555018 269.3626425520557
string 133 -1.0229484885411955 202.1915472035889 -0.14535304035501495 0.06044120674391311 3.3934506806243188 0.19656460233555018 269.3626425520557
string 134 -1.0215323356255046 191.7739810731687 -0.14535304035501495 0.06044120674391311 3.3934506806243188 0.19656460233555018 269.8982581888132
string 135 -1.0864047865530257 191.7739810731687 -0.14535304035501495 0.06044120674391311 3.494598737738986 0.19656460233555018 275.1586594735997
string 136 -1.103999168115468 191.7739810731687 -0.14535304035501495 0.06044120674391311 3.494598737738986 0.2257113591390014 275.313867696889
string 137 -1.103999168115468 191.7739810731687 -0.14535304035501495 0.06044120674391311 3.494598737738986 0.2257113591390014 275.313867696889
string 138 -1.103999168115468 191.7739810731687 -0.05249953482540276 0.06044120674391311 3.494598737738986 0.23243317859340037 274.8685922225677
string 139 -1.103999168115468 223.7448315607522 -0.05249953482540276 0.06044120674391311 3.5540695714035375 0.23243317859340037 278.61093344413536
string 140 -1.103999168115468 222.87559874231889 -0.05249953482540276 0.09544642667658215 3.5540695714035375 0.23243317859340037 273.89211782854863
string 141 -1.103999168115468 222.87559874231889 0.0009720001430374228 0.09544642667658215 3.5540695714035375 0.21963362275973905 272.64343594872497
string 142 -1.103999168115468 222.87559874231889 0.0009720001430374228 0.09544642667658215 3.5540695714035375 0.21963362275973905 272.64343594872497
string 143 -1.103999168115468 220.2433113613087 0.0009720001430374228 0.09544642667658215 3.5540695714035375 0.2215303040386931 272.98467865093346
string 144 -1.1473420530974303 220.2433113613087 -0.051912311336134845 0.09544642667658215 3.5540695714035375 0.2215303040386931 270.6760877422139
string 145 -1.1473420530974303 220.2433113613087 -0.051912311336134845 0.09544642667658215 3.5540695714035375 0.2215303040386931 270.6760877422139
string 146 -1.1473420530974303 220.2433113613087 -0.051912311336134845 0.09544642667658215 3.5540695714035375 0.2215303040386931 270.6760877422139
string 147 -1.1473420530974303 215.67448479007388 -0.051912311336134845 0.09544642667658215 3.5540695714035375 0.22923179657609272 270.1562763160374
string 148 -1.1473420530974303 215.67448479007388 -0.07243136172987544 0.09544642667658215 3.6483436671296134 0.22923179657609272 269.8943450981403
string 149 -1.1473420530974303 215.67448479007388 -0.07243136172987544 0.09544642667658215 3.6483436671296134 0.22923179657609272 269.8943450981403
string 150 -1.1473420530974303 215.67448479007388 -0.07243136172987544 0.09544642667658215 3.6483436671296134 0.22923179657609272 269.8943450981403
string 151 -1.1473420530974303 215.67448479007388 -0.07243136172987544 0.09544642667658215 3.6483436671296134 0.22923179657609272 269.8943450981403
string 152 -1.1473420530974303 215.67448479007388 -0.07243136172987544 0.09544642667658215 3.6483436671296134 0.22923179657609272 269.8943450981403
string 153 -1.1473420530974303 215.67448479007388 -0.14400898476580667 0.09544642667658215 3.7176917760341572 0.22923179657609272 270.1167023396765
string 154 -1.1473420530974303 208.08334987754748 -0.009061583901263631 0.09544642667658215 3.7176917760341572 0.22923179657609272 270.4282517264122
string 155 -1.1473420530974303 208.08334987754748 -0.009061583901263631 0.09544642667658215 3.7176917760341572 0.22923179657609272 270.4282517264122
string 156 -1.1473420530974303 208.08334987754748 -0.009061583901263631 0.09544642667658215 3.7176917760341572 0.22923179657609272 270.4282517264122
string 157 -1.1473420530974303 208.08334987754748 -0.009061583901263631 0.09544642667658215 3.7176917760341572 0.22923179657609272 270.4282517264122
string 158 -1.1473420530974303 208.08334987754748 -0.009061583901263631 0.09544642667658215 3.7176917760341572 0.22923179657609272 270.4282517264122
string 159 -1.1473420530974303 208.08334987754748 0.04664049722318476 0.09544642667658215 3.7036331692133246 0.22923179657609272 270.6775422155453
string 160 -1.1473420530974303 208.08334987754748 0.04664049722318476 0.09544642667658215 3.7036331692133246 0.22923179657609272 270.6775422155453
string 161 -1.1473420530974303 208.08334987754748 0.0877615110623422 0.09544642667658215 3.4946130846343353 0.22923179657609272 270.18985454733365
string 162 -1.1473420530974303 208.08334987754748 0.0877615110623422 0.09544642667658215 3.4946130846343353 0.22923179657609272 270.18985454733365
string 163 -1.1473420530974303 208.08334987754748 0.0877615110623422 0.09544642667658215 3.4946130846343353 0.22923179657609272 270.18985454733365
string 164 -1.1473420530974303 208.08334987754748 0.0877615110623422 0.09544642667658215 3.4946130846343353 0.22923179657609272 270.18985454733365
string 165 -1.1473420530974303 208.08334987754748 0.0877615110623422 0.09544642667658215 3.4946130846343353 0.22923179657609272 270.18985454733365
string 166 -1.1376415408419265 208.08334987754748 0.0877615110623422 0.09544642667658215 3.6695257767009624 0.22923179657609272 271.0428241063309
string 167 -1.1376415408419265 208.08334987754748 0.0877615110623422 0.09544642667658215 3.6695257767009624 0.22923179657609272 271.0428241063309
string 168 -1.1376415408419265 208.08334987754748 0.0877615110623422 0.09544642667658215 3.6695257767009624 0.22923179657609272 271.0428241063309
string 169 -1.1376415408419265 208.08334987754748 0.0877615110623422 0.09544642667658215 3.6695257767009624 0.22923179657609272 271.0428241063309
string 170 -1.1376415408419265 208.08334987754748 0.0877615110623422 0.09544642667658215 3.6695257767009624 0.22923179657609272 271.0428241063309
string 171 -1.1376415408419265 208.08334987754748 0.0877615110623422 0.09544642667658215 3.6695257767009624 0.22923179657609272 271.0428241063309
string 172 -1.1376415408419265 211.27946752919516 0.0877615110623422 0.09544642667658215 3.705700378133486 0.22923179657609272 271.4593203060963
string 173 -1.1376415408419265 211.27946752919516 0.0877615110623422 0.09544642667658215 3.705700378133486 0.22923179657609272 271.4593203060963
string 174 -1.1376415408419265 211.27946752919516 0.0877615110623422 0.09544642667658215 3.705700378133486 0.22923179657609272 271.4593203060963
string 175 -1.1376415408419265 211.27946752919516 0.0877615110623422 0.09544642667658215 3.705700378133486 0.22923179657609272 271.4593203060963
string 176 -1.1376415408419265 211.27946752919516 0.0877615110623422 0.09544642667658215 3.705700378133486 0.22923179657609272 271.4593203060963
string 177 -1.1376415408419265 211.27946752919516 0.0877615110623422 0.09544642667658215 3.705700378133486 0.22923179657609272 271.4593203060963
string 178 -1.1376415408419265 224.55952014857473 0.0877615110623422 0.09544642667658215 3.732076329447444 0.22923179657609272 270.2676191040969
string 179 -1.1376415408419265 256.07627895545477 0.11566674695443188 0.09544642667658215 3.732076329447444 0.22923179657609272 269.84293681696226
string 180 -1.1376415408419265 256.07627895545477 0.11566674695443188 0.09544642667658215 3.732076329447444 0.22923179657609272 269.84293681696226
string 181 -1.1376415408419265 256.07627895545477 0.01628133470061921 0.08522788138107598 3.732076329447444 0.22923179657609272 272.97059328876526
string 182 -1.1376415408419265 256.07627895545477 0.01628133470061921 0.08563998340422647 3.81694761852331 0.22923179657609272 271.8793210792201
string 183 -1.1376415408419265 256.07627895545477 0.01628133470061921 0.08563998340422647 3.81694761852331 0.22923179657609272 271.8793210792201
string 184 -1.1376415408419265 256.07627895545477 0.05092154866290869 0.08563998340422647 3.9240543360261175 0.22923179657609272 270.62566884251646
string 185 -1.1376415408419265 256.07627895545477 0.05092154866290869 0.08563998340422647 3.9240543360261175 0.22923179657609272 270.62566884251646
string 186 -1.1376415408419265 256.07627895545477 0.05092154866290869 0.08563998340422647 3.9240543360261175 0.22923179657609272 270.62566884251646
string 187 -1.100625628135531 256.07627895545477 0.08389509493734162 0.08563998340422647 3.9240543360261175 0.22923179657609272 269.6966892731143
string 188 -1.100625628135531 256.07627895545477 0.20496675010180476 0.08563998340422647 3.7850011211257413 0.22923179657609272 269.2423544602437
string 189 -1.100625628135531 256.07627895545477 0.20496675010180476 0.08563998340422647 3.7850011211257413 0.22923179657609272 269.2423544602437
string 190 -1.100625628135531 256.07627895545477 0.24360045833442012 0.08563998340422647 3.491795692654101 0.22923179657609272 270.1718164247461
string 191 -1.100625628135531 256.07627895545477 0.06332852842097192 0.08563998340422647 3.527628466077875 0.22923179657609272 269.5910190981484
string 192 -1.100625628135531 256.46715062852655 0.06332852842097192 0.08563998340422647 3.515269787899734 0.22923179657609272 269.7961727661766
string 193 -1.100625628135531 256.46715062852655 0.06332852842097192 0.08563998340422647 3.515269787899734 0.22923179657609272 269.7961727661766
string 194 -1.0841889964465365 256.46715062852655 -0.1650600041211845 0.08563998340422647 3.515269787899734 0.22923179657609272 270.1025399947857
string 195 -1.0841889964465365 256.46715062852655 -0.1650600041211845 0.08563998340422647 3.515269787899734 0.22923179657609272 270.1025399947857
string 196 -1.0841889964465365 256.46715062852655 -0.1650600041211845 0.08563998340422647 3.515269787899734 0.22923179657609272 270.1025399947857
string 197 -1.0841889964465365 256.46715062852655 -0.1650600041211845 0.08563998340422647 3.515269787899734 0.22923179657609272 270.1025399947857
string 198 -1.0841889964465365 256.46715062852655 -0.2333635622468105 0.08665292149756906 3.515269787899734 0.22923179657609272 270.3057493816019
string 199 -1.0841889964465365 256.46715062852655 -0.2333635622468105 0.08665292149756906 3.515269787899734 0.22923179657609272 270.3057493816019
string 200 -1.0841889964465365 256.46715062852655 -0.4403479461185168 0.08665292149756906 3.4051018668002233 0.22923179657609272 269.86783982009933
string 201 -1.0841889964465365 256.46715062852655 -0.4403479461185168 0.08665292149756906 3.4051018668002233 0.22923179657609272 269.86783982009933
string 202 -1.0841889964465365 256.46715062852655 -0.4403479461185168 0.08665292149756906 3.4051018668002233 0.22923179657609272 269.86783982009933
string 203 -1.0841889964465365 292.7688495917254 -0.512008201427438 0.08665292149756906 3.4051018668002233 0.22923179657609272 269.6050095199243
string 204 -1.0841889964465365 292.7688495917254 -0.512008201427438 0.08665292149756906 3.4051018668002233 0.22923179657609272 269.6050095199243
string 205 -1.0841889964465365 292.7688495917254 -0.4020153651003227 0.08665292149756906 3.4051018668002233 0.1933429745861429 271.7710939086195
string 206 -1.0841889964465365 292.7688495917254 -0.4020153651003227 0.08665292149756906 3.4051018668002233 0.1933429745861429 271.7710939086195
string 207 -1.0841889964465365 292.7688495917254 -0.5049532998473408 0.08665292149756906 3.185803556173637 0.1933429745861429 273.7256994067179
string 208 -1.0841889964465365 292.7688495917254 -0.5049532998473408 0.12450509180322814 3.255678388296147 0.1933429745861429 271.94672677333654
string 209 -1.0841889964465365 292.7688495917254 -0.5049532998473408 0.12450509180322814 3.255678388296147 0.1933429745861429 271.94672677333654
string 210 -1.0841889964465365 292.7688495917254 -0.5049532998473408 0.12450509180322814 3.255678388296147 0.1933429745861429 271.94672677333654
string 211 -1.0841889964465365 345.640482479807 -0.5164798439722008 0.12450509180322814 3.255678388296147 0.1933429745861429 270.6275191406791
string 212 -1.0841889964465365 345.640482479807 -0.5164798439722008 0.12450509180322814 3.255678388296147 0.1933429745861429 270.6275191406791
string 213 -1.0841889964465365 345.640482479807 -0.5164798439722008 0.12450509180322814 3.400611926740772 0.18527275844368374 271.3087616469436
string 214 -1.0841889964465365 345.640482479807 -0.5164798439722008 0.12450509180322814 3.400611926740772 0.18527275844368374 271.3087616469436
string 215 -1.098168654196042 345.640482479807 -0.5164798439722008 0.12450509180322814 3.400611926740772 0.17128080099847684 271.0107068027388
string 216 -1.098168654196042 345.640482479807 -0.6327700127182718 0.12450509180322814 3.400611926740772 0.15748138896504082 270.76470765813565
string 217 -1.098168654196042 345.640482479807 -0.6327700127182718 0.12450509180322814 3.400611926740772 0.15748138896504082 270.76470765813565
string 218 -1.098168654196042 345.640482479807 -0.6327700127182718 0.12450509180322814 3.400611926740772 0.15748138896504082 270.76470765813565
string 219 -1.098168654196042 345.640482479807 -0.6327700127182718 0.12450509180322814 3.400611926740772 0.15748138896504082 270.76470765813565
string 220 -1.098168654196042 345.640482479807 -0.3981901410258677 0.12450509180322814 3.400611926740772 0.17996181355558397 270.52737542229477
string 221 -1.089967167019609 345.640482479807 -0.415810524856336 0.12450509180322814 3.400611926740772 0.17996181355558397 270.4715030881042
string 222 -1.089967167019609 345.640482479807 -0.415810524856336 0.12450509180322814 3.400611926740772 0.17996181355558397 270.4715030881042
string 223 -1.089967167019609 345.640482479807 -0.415810524856336 0.12450509180322814 3.400611926740772 0.17996181355558397 270.4715030881042
string 224 -1.089967167019609 345.640482479807 -0.415810524856336 0.12450509180322814 3.400611926740772 0.17996181355558397 270.4715030881042
string 225 -1.089967167019609 345.640482479807 -0.415810524856336 0.12450509180322814 3.400611926740772 0.17996181355558397 270.4715030881042
string 226 -1.089967167019609 345.640482479807 -0.415810524856336 0.12450509180322814 3.400611926740772 0.17996181355558397 270.4715030881042
string 227 -1.089967167019609 345.640482479807 -0.415810524856336 0.12450509180322814 3.400611926740772 0.17996181355558397 270.4715030881042
string 228 -1.089967167019609 345.640482479807 -0.22594221901607164 0.12450509180322814 3.362887718155793 0.17996181355558397 270.0500094599237
string 229 -1.089967167019609 345.640482479807 -0.22594221901607164 0.12450509180322814 3.362887718155793 0.17996181355558397 270.0500094599237
string 230 -1.089967167019609 345.640482479807 -0.22594221901607164 0.12450509180322814 3.362887718155793 0.17996181355558397 270.0500094599237
string 231 -1.089967167019609 345.640482479807 -0.22594221901607164 0.12450509180322814 3.362887718155793 0.17996181355558397 270.0500094599237
string 232 -1.089967167019609 345.640482479807 -0.22594221901607164 0.12450509180322814 3.362887718155793 0.17996181355558397 270.0500094599237
string 233 -1.089967167019609 345.640482479807 -0.22594221901607164 0.12450509180322814 3.362887718155793 0.17996181355558397 270.0500094599237
string 234 -1.089967167019609 318.3793188544841 -0.22594221901607164 0.13274970088795993 3.362887718155793 0.17996181355558397 269.9677814248168
string 235 -1.089967167019609 318.3793188544841 -0.22594221901607164 0.13274970088795993 3.362887718155793 0.17996181355558397 269.9677814248168
string 236 -1.089967167019609 318.3793188544841 -0.22594221901607164 0.13274970088795993 3.362887718155793 0.17996181355558397 269.9677814248168
string 237 -1.089967167019609 329.8192950537383 -0.22594221901607164 0.13274970088795993 3.487235724035197 0.17996181355558397 270.54780321323585
string 238 -1.089967167019609 329.8192950537383 -0.22594221901607164 0.13274970088795993 3.487235724035197 0.17996181355558397 270.54780321323585
string 239 -1.089967167019609 329.8192950537383 -0.3708971924581321 0.13274970088795993 3.487235724035197 0.15938210789971544 270.3318101212298
string 240 -1.089967167019609 329.8192950537383 -0.3708971924581321 0.13274970088795993 3.487235724035197 0.15938210789971544 270.3318101212298
string 241 -1.089967167019609 329.8192950537383 -0.3708971924581321 0.13274970088795993 3.487235724035197 0.15938210789971544 270.3318101212298
string 242 -1.089967167019609 329.8192950537383 -0.3708971924581321 0.13274970088795993 3.487235724035197 0.15938210789971544 270.3318101212298
string 243 -1.089967167019609 329.8192950537383 -0.3708971924581321 0.13274970088795993 3.487235724035197 0.15938210789971544 270.3318101212298
string 244 -1.089967167019609 329.8192950537383 -0.3708971924581321 0.13274970088795993 3.487235724035197 0.15938210789971544 270.3318101212298
string 245 -1.089967167019609 329.8192950537383 -0.3708971924581321 0.13274970088795993 3.487235724035197 0.15938210789971544 270.3318101212298
string 246 -1.089967167019609 329.8192950537383 -0.3708971924581321 0.13274970088795993 3.487235724035197 0.15938210789971544 270.3318101212298
string 247 -1.089967167019609 329.8192950537383 -0.3708971924581321 0.13274970088795993 3.487235724035197 0.15938210789971544 270.3318101212298
string 248 -1.089967167019609 329.8192950537383 -0.3708971924581321 0.13274970088795993 3.487235724035197 0.15938210789971544 270.3318101212298
string 249 -1.089967167019609 329.8192950537383 -0.6108078610289527 0.13274970088795993 3.448576122509776 0.15938210789971544 271.55474992390333
string 250 -1.089967167019609 329.8192950537383 -0.6108078610289527 0.13274970088795993 3.448576122509776 0.15938210789971544 271.55474992390333
string 251 -1.089967167019609 329.8192950537383 -0.6108078610289527 0.13274970088795993 3.448576122509776 0.15938210789971544 271.55474992390333
string 252 -1.089967167019609 329.8192950537383 -0.5112892607672935 0.13274970088795993 3.3738343430928217 0.15938210789971544 270.62752056013244
string 253 -1.089967167019609 322.9171967266658 -0.5170122077235102 0.13274970088795993 3.3738343430928217 0.15938210789971544 270.7063473272615
string 254 -1.089967167019609 322.9171967266658 -0.5170122077235102 0.13274970088795993 3.3738343430928217 0.15938210789971544 270.7063473272615
string 255 -1.089967167019609 322.9171967266658 -0.5170122077235102 0.13274970088795993 3.325562801653996 0.1094452118313473 269.94593191628934
string 256 -1.089967167019609 302.5319782418906 -0.5776552731684341 0.13274970088795993 3.325562801653996 0.1094452118313473 269.7904771657549
string 257 -1.089967167019609 302.5319782418906 -0.5776552731684341 0.13274970088795993 3.325562801653996 0.1094452118313473 269.7904771657549
string 258 -1.089967167019609 295.90210977223313 -0.5776552731684341 0.13274970088795993 3.485866408832694 0.1094452118313473 270.3056297926651
string 259 -1.089967167019609 295.90210977223313 -0.5776552731684341 0.13274970088795993 3.485866408832694 0.1094452118313473 270.3056297926651
string 260 -1.0708367730952582 295.90210977223313 -0.5776552731684341 0.13274970088795993 3.485866408832694 0.09038979563589859 271.6241111475207
string 261 -1.0859424136960951 295.90210977223313 -0.7381419126781702 0.13274970088795993 3.485866408832694 0.09038979563589859 271.68198069186417
string 262 -1.0859424136960951 295.90210977223313 -0.7381419126781702 0.13274970088795993 3.485866408832694 0.09038979563589859 271.68198069186417
string 263 -1.0859424136960951 295.90210977223313 -0.7381419126781702 0.13274970088795993 3.485866408832694 0.09038979563589859 271.68198069186417
string 264 -1.0859424136960951 295.90210977223313 -0.7381419126781702 0.13274970088795993 3.485866408832694 0.09038979563589859 271.68198069186417
string 265 -1.0859424136960951 295.90210977223313 -0.7638495924671354 0.13274970088795993 3.249552924280453 0.09038979563589859 270.06212248042584
string 266 -1.0859424136960951 295.90210977223313 -0.7638495924671354 0.13274970088795993 3.249552924280453 0.09038979563589859 270.06212248042584
string 267 -1.0859424136960951 295.90210977223313 -0.5539912010587189 0.13274970088795993 3.378954033912468 0.09038979563589859 270.14008470176833
string 268 -1.0859424136960951 295.90210977223313 -0.5539912010587189 0.13274970088795993 3.378954033912468 0.09038979563589859 270.14008470176833
string 269 -1.0859424136960951 295.90210977223313 -0.5539912010587189 0.13274970088795993 3.378954033912468 0.09038979563589859 270.14008470176833
string 270 -1.0859424136960951 295.90210977223313 -0.5539912010587189 0.13274970088795993 3.378954033912468 0.09038979563589859 270.14008470176833
string 271 -1.0859424136960951 348.17246340177616 -0.5539912010587189 0.13274970088795993 3.6402702748167153 0.09038979563589859 269.96723732800524
string 272 -1.0859424136960951 316.3546042119362 -0.5539912010587189 0.12336225488904966 3.6402702748167153 0.09038979563589859 269.72652003266467
string 273 -1.0859424136960951 306.3909321705723 -0.5539912010587189 0.12336225488904966 3.478066768882966 0.09038979563589859 269.5785855333223
string 274 -1.0859424136960951 306.3909321705723 -0.37801003433328306 0.13043026219855364 3.478066768882966 0.09038979563589859 271.0982694496747
string 275 -1.0859424136960951 306.3909321705723 -0.26888495207499075 0.13043026219855364 3.651876262164078 0.09038979563589859 270.56583778554943
string 276 -1.0859424136960951 306.3909321705723 -0.26888495207499075 0.13043026219855364 3.651876262164078 0.09038979563589859 270.56583778554943
string 277 -1.0859424136960951 306.3909321705723 -0.26888495207499075 0.13043026219855364 3.651876262164078 0.09038979563589859 270.56583778554943
string 278 -1.0859424136960951 306.3909321705723 -0.36986636103230064 0.12720986605560278 3.651876262164078 0.09038979563589859 270.1327988875856
string 279 -1.0859424136960951 288.3170075182354 -0.36986636103230064 0.12720986605560278 3.7742493664678483 0.09038979563589859 269.75934283015033
string 280 -1.0859424136960951 288.3170075182354 -0.36986636103230064 0.12720986605560278 3.7742493664678483 0.09038979563589859 269.75934283015033
string 281 -1.0859424136960951 288.3170075182354 -0.36986636103230064 0.12720986605560278 3.7742493664678483 0.09038979563589859 269.75934283015033
string 282 -1.0859424136960951 288.3170075182354 -0.36986636103230064 0.12720986605560278 3.7742493664678483 0.09038979563589859 269.75934283015033
string 283 -1.0859424136960951 282.4138565492652 -0.3201139076710505 0.12720986605560278 3.7742493664678483 0.09038979563589859 269.5043704597885
string 284 -1.0859424136960951 282.4138565492652 -0.3201139076710505 0.12720986605560278 3.7742493664678483 0.09038979563589859 269.5043704597885
string 285 -1.0859424136960951 282.4138565492652 -0.3201139076710505 0.12720986605560278 3.7742493664678483 0.09038979563589859 269.5043704597885
string 286 -1.0859424136960951 282.4138565492652 -0.3201139076710505 0.12720986605560278 3.7742493664678483 0.09038979563589859 269.5043704597885
string 287 -1.0859424136960951 282.4138565492652 -0.3201139076710505 0.12720986605560278 3.7742493664678483 0.09038979563589859 269.5043704597885
string 288 -1.0859424136960951 282.4138565492652 -0.3201139076710505 0.12720986605560278 3.7742493664678483 0.09038979563589859 269.5043704597885
string 289 -1.0859424136960951 282.4138565492652 -0.3201139076710505 0.12720986605560278 3.7742493664678483 0.09038979563589859 269.5043704597885
string 290 -1.110021306664276 282.4138565492652 -0.21198328984869969 0.12720986605560278 3.7742493664678483 0.09038979563589859 275.00228439868107
string 291 -1.110021306664276 271.0297339145814 -0.21198328984869969 0.12720986605560278 3.7742493664678483 0.09635508767234725 272.2985335553554
string 292 -1.110021306664276 260.75404820799326 -0.21198328984869969 0.13848631790726476 3.7742493664678483 0.09635508767234725 269.3680897725211
string 293 -1.110021306664276 230.66682132133633 -0.21009040845226806 0.13848631790726476 3.7742493664678483 0.09635508767234725 269.90316422261265
string 294 -1.110021306664276 230.66682132133633 -0.21009040845226806 0.13848631790726476 3.7742493664678483 0.09635508767234725 269.90316422261265
string 295 -1.110021306664276 230.66682132133633 -0.21009040845226806 0.13848631790726476 3.7742493664678483 0.09635508767234725 269.90316422261265
string 296 -1.110021306664276 230.66682132133633 -0.21009040845226806 0.13848631790726476 3.7742493664678483 0.09635508767234725 269.90316422261265
string 297 -1.110021306664276 230.66682132133633 -0.21009040845226806 0.13848631790726476 3.7742493664678483 0.09635508767234725 269.90316422261265
string 298 -1.110021306664276 230.66682132133633 -0.21009040845226806 0.13848631790726476 3.7742493664678483 0.09635508767234725 269.90316422261265
string 299 -1.110021306664276 230.66682132133633 -0.21009040845226806 0.13848631790726476 3.7742493664678483 0.09635508767234725 269.90316422261265
string 300 -1.110021306664276 230.66682132133633 -0.21009040845226806 0.13848631790726476 3.7742493664678483 0.09635508767234725 269.90316422261265
string 301 -1.110021306664276 233.51203090698044 -0.2442649504169075 0.13848631790726476 3.7742493664678483 0.09635508767234725 269.942072644716
string 302 -1.110021306664276 233.51203090698044 -0.2442649504169075 0.13848631790726476 3.7742493664678483 0.09635508767234725 269.942072644716
string 303 -1.1143106769486857 228.83526067760738 -0.2442649504169075 0.13848631790726476 3.7742493664678483 0.09635508767234725 269.93375286429153
string 304 -1.1143106769486857 228.83526067760738 -0.2442649504169075 0.13848631790726476 3.7742493664678483 0.09635508767234725 269.93375286429153
string 305 -1.1143106769486857 228.83526067760738 -0.2442649504169075 0.13848631790726476 3.7742493664678483 0.09635508767234725 269.93375286429153
string 306 -1.1143106769486857 228.83526067760738 -0.2442649504169075 0.13848631790726476 3.7742493664678483 0.09635508767234725 269.93375286429153
string 307 -1.1143106769486857 228.83526067760738 -0.2442649504169075 0.13848631790726476 3.7742493664678483 0.09635508767234725 269.93375286429153
string 308 -1.1143106769486857 228.83526067760738 -0.2442649504169075 0.13848631790726476 3.7742493664678483 0.09635508767234725 269.93375286429153
string 309 -1.1143106769486857 228.83526067760738 -0.2442649504169075 0.13848631790726476 3.7742493664678483 0.09635508767234725 269.93375286429153
string 310 -1.1143106769486857 228.83526067760738 -0.2442649504169075 0.13848631790726476 3.7742493664678483 0.09635508767234725 269.93375286429153
string 311 -1.1143106769486857 261.18914434078056 -0.2442649504169075 0.13848631790726476 3.872140614184582 0.09635508767234725 269.1600216749936
string 312 -1.1143106769486857 261.18914434078056 -0.2442649504169075 0.13848631790726476 3.872140614184582 0.09635508767234725 269.1600216749936
string 313 -1.1143106769486857 261.18914434078056 -0.2442649504169075 0.13848631790726476 3.872140614184582 0.09635508767234725 269.1600216749936
string 314 -1.1143106769486857 261.18914434078056 -0.2442649504169075 0.13848631790726476 3.872140614184582 0.09635508767234725 269.1600216749936
string 315 -1.1143106769486857 261.18914434078056 -0.3716890745147442 0.13848631790726476 4.123012866446604 0.09635508767234725 272.60994958851416
string 316 -1.1143106769486857 261.18914434078056 -0.3716890745147442 0.13848631790726476 4.123012866446604 0.09635508767234725 272.60994958851416
string 317 -1.1143106769486857 261.18914434078056 -0.3716890745147442 0.13848631790726476 4.123012866446604 0.09635508767234725 272.60994958851416
string 318 -1.1143106769486857 261.18914434078056 -0.3716890745147442 0.13848631790726476 4.123012866446604 0.09635508767234725 272.60994958851416
string 319 -1.1143106769486857 278.4484596335578 -0.3716890745147442 0.13848631790726476 4.239419892932919 0.09635508767234725 272.1671989356904
string 320 -1.1143106769486857 276.9890538582764 -0.3507538711769741 0.13848631790726476 4.239419892932919 0.09635508767234725 272.3941531993405
string 321 -1.1143106769486857 316.96581492994017 -0.3507538711769741 0.13848631790726476 4.239419892932919 0.06747196664464311 270.1180833242429
string 322 -1.1143106769486857 316.96581492994017 -0.3507538711769741 0.13848631790726476 4.239419892932919 0.06747196664464311 270.1180833242429
string 323 -1.1143106769486857 316.96581492994017 -0.3507538711769741 0.15242868576304516 4.359445215838015 0.06747196664464311 269.9270468978225
string 324 -1.1143106769486857 316.96581492994017 -0.3307073702997029 0.15242868576304516 4.359445215838015 0.08495932069421043 271.66408732313175
string 325 -1.1143106769486857 316.96581492994017 -0.41155982914606215 0.15242868576304516 4.312145599399926 0.08495932069421043 272.2638225862015
string 326 -1.1143106769486857 316.96581492994017 -0.41155982914606215 0.15242868576304516 4.312145599399926 0.08495932069421043 272.2638225862015
string 327 -1.1143106769486857 316.96581492994017 -0.432495678191692 0.10934673971761841 4.312145599399926 0.08495932069421043 272.70649105834303
string 328 -1.1143106769486857 318.02588149894035 -0.432495678191692 0.10934673971761841 4.321387628359003 0.08495932069421043 272.79353681810085
string 329 -1.1143106769486857 318.02588149894035 -0.432495678191692 0.10934673971761841 4.321387628359003 0.08495932069421043 272.79353681810085
string 330 -1.1143106769486857 318.02588149894035 -0.432495678191692 0.10934673971761841 4.321387628359003 0.08495932069421043 272.79353681810085
string 331 -1.1143106769486857 318.02588149894035 -0.4766101116144068 0.10934673971761841 4.350016473768847 0.08495932069421043 271.6153256980507
string 332 -1.1143106769486857 318.02588149894035 -0.4766101116144068 0.10934673971761841 4.1775448193965605 0.11377645104912584 271.25360809246285
string 333 -1.102841214953289 332.747292622258 -0.4766101116144068 0.10934673971761841 4.1775448193965605 0.11377645104912584 270.63009883517145
string 334 -1.102841214953289 332.747292622258 -0.46183819857201175 0.10934673971761841 4.446600344588797 0.11377645104912584 270.7806317198308
string 335 -1.102841214953289 332.747292622258 -0.46183819857201175 0.10934673971761841 4.446600344588797 0.11377645104912584 270.7806317198308
string 336 -1.102841214953289 328.483793349833 -0.46183819857201175 0.10934673971761841 4.322633691794469 0.11377645104912584 270.66479150282134
string 337 -1.102841214953289 328.483793349833 -0.46183819857201175 0.10934673971761841 4.322633691794469 0.11377645104912584 270.66479150282134
string 338 -1.102841214953289 328.483793349833 -0.4479970119134954 0.10934673971761841 4.2623395024121296 0.11377645104912584 270.767348914841
string 339 -1.102841214953289 283.6991080255147 -0.4479970119134954 0.10934673971761841 4.372683583614026 0.11377645104912584 270.94974683692936
string 340 -1.102841214953289 283.6991080255147 -0.4479970119134954 0.10934673971761841 4.372683583614026 0.11377645104912584 270.94974683692936
string 341 -1.102841214953289 283.5955034520086 -0.4479970119134954 0.10934673971761841 4.4916732506419494 0.11377645104912584 271.8775962152023
string 342 -1.102841214953289 283.5955034520086 -0.4479970119134954 0.10934673971761841 4.4916732506419494 0.11377645104912584 271.8775962152023
string 343 -1.102841214953289 284.5244041363614 -0.4103657731370816 0.10934673971761841 4.4916732506419494 0.11377645104912584 271.1188930277281
string 344 -1.102841214953289 310.05935644853173 -0.4103657731370816 0.10934673971761841 4.4916732506419494 0.08084912330899416 271.05835900016416
string 345 -1.102841214953289 310.05935644853173 -0.4103657731370816 0.10934673971761841 4.4916732506419494 0.08084912330899416 271.05835900016416
string 346 -1.102841214953289 294.0104127245549 -0.4103657731370816 0.10934673971761841 4.696177657509988 0.08084912330899416 269.55968513159087
string 347 -1.102841214953289 271.8510504900786 -0.4991746949471222 0.10934673971761841 4.696177657509988 0.08084912330899416 269.6798867248284
string 348 -1.102841214953289 271.8510504900786 -0.4991746949471222 0.10934673971761841 4.696177657509988 0.08084912330899416 269.6798867248284
string 349 -1.102841214953289 249.96271762077683 -0.4991746949471222 0.10934673971761841 4.713959675943104 0.08084912330899416 271.4541065065685
string 350 -1.102841214953289 240.01094915434552 -0.526140827950666 0.10934673971761841 4.713959675943104 0.08084912330899416 272.9346984900758
string 351 -1.102841214953289 240.01094915434552 -0.526140827950666 0.10934673971761841 4.713959675943104 0.08084912330899416 272.9346984900758
string 352 -1.102841214953289 240.01094915434552 -0.526140827950666 0.10934673971761841 4.713959675943104 0.08084912330899416 272.9346984900758
string 353 -1.102841214953289 240.01094915434552 -0.37438336635799896 0.10934673971761841 4.5372365807700215 0.08084912330899416 270.25821500655707
string 354 -1.102841214953289 236.24350326114754 -0.28726449365902407 0.10934673971761841 4.5372365807700215 0.08084912330899416 270.7950419133654
string 355 -1.102841214953289 236.24350326114754 -0.28726449365902407 0.10934673971761841 4.5744703630150685 0.07187608398662731 270.9674475295143
string 356 -1.102841214953289 236.24350326114754 -0.28726449365902407 0.10934673971761841 4.5744703630150685 0.07187608398662731 270.9674475295143
string 357 -1.102841214953289 272.4288660124218 -0.28726449365902407 0.10934673971761841 4.622964118550011 0.07187608398662731 273.6838810609762
string 358 -1.102841214953289 272.4288660124218 -0.34292249339071157 0.10934673971761841 4.496296835082697 0.07187608398662731 272.7344014499287
string 359 -1.102841214953289 272.4288660124218 -0.34292249339071157 0.10934673971761841 4.496296835082697 0.07187608398662731 272.7344014499287
string 360 -1.102841214953289 272.4288660124218 -0.34292249339071157 0.10934673971761841 4.496296835082697 0.07187608398662731 272.7344014499287
string 361 -1.102841214953289 272.4288660124218 -0.43472086574430624 0.10934673971761841 4.656510830142652 0.07187608398662731 269.4654039606832
string 362 -1.102841214953289 272.4288660124218 -0.43472086574430624 0.10934673971761841 4.656510830142652 0.07187608398662731 269.4654039606832
string 363 -1.102841214953289 272.4288660124218 -0.43472086574430624 0.10934673971761841 4.656510830142652 0.07187608398662731 269.4654039606832
string 364 -1.102841214953289 272.4288660124218 -0.43472086574430624 0.10934673971761841 4.656510830142652 0.07187608398662731 269.4654039606832
string 365 -1.102841214953289 271.9604791802762 -0.43472086574430624 0.10934673971761841 4.839060224693118 0.07187608398662731 268.7036778518899
string 366 -1.102841214953289 271.9604791802762 -0.43472086574430624 0.10934673971761841 4.839060224693118 0.07187608398662731 268.7036778518899
string 367 -1.102841214953289 271.9604791802762 -0.43472086574430624 0.10934673971761841 4.839060224693118 0.07187608398662731 268.7036778518899
string 368 -1.102841214953289 271.9604791802762 -0.43472086574430624 0.10934673971761841 4.839060224693118 0.07187608398662731 268.7036778518899
string 369 -1.102841214953289 271.9604791802762 -0.43472086574430624 0.10934673971761841 4.839060224693118 0.07187608398662731 268.7036778518899
string 370 -1.102841214953289 271.9604791802762 -0.43472086574430624 0.10934673971761841 4.839060224693118 0.07187608398662731 268.7036778518899
string 371 -1.102841214953289 276.05954331819083 -0.43472086574430624 0.10934673971761841 4.868368677388563 0.07187608398662731 269.11470187452903
string 372 -1.102841214953289 276.05954331819083 -0.43472086574430624 0.10934673971761841 4.868368677388563 0.07187608398662731 269.11470187452903
string 373 -1.102841214953289 250.84415100840684 -0.37220646139526403 0.10934673971761841 4.868368677388563 0.07187608398662731 270.27683668085604
string 374 -1.102841214953289 250.84415100840684 -0.37220646139526403 0.10934673971761841 4.868368677388563 0.07187608398662731 270.27683668085604
string 375 -1.102841214953289 250.84415100840684 -0.37220646139526403 0.10934673971761841 4.868368677388563 0.07187608398662731 270.27683668085604
string 376 -1.102841214953289 250.84415100840684 -0.37220646139526403 0.10934673971761841 4.868368677388563 0.07187608398662731 270.27683668085604
string 377 -1.102841214953289 248.12608020623264 -0.2695491217183528 0.10934673971761841 4.868368677388563 0.07187608398662731 270.5037520541166
string 378 -1.102841214953289 248.12608020623264 -0.2695491217183528 0.10934673971761841 5.040000217897503 0.0688078203050289 269.63384738476043
string 379 -1.102841214953289 248.12608020623264 -0.2695491217183528 0.10934673971761841 5.040000217897503 0.0688078203050289 269.63384738476043
string 380 -1.102841214953289 248.12608020623264 -0.2695491217183528 0.10934673971761841 5.040000217897503 0.0688078203050289 269.63384738476043
string 381 -1.102841214953289 248.12608020623264 -0.2695491217183528 0.10934673971761841 5.047813129490162 0.07388604810378212 269.74521811196985
string 382 -1.102841214953289 248.12608020623264 -0.2695491217183528 0.10934673971761841 5.047813129490162 0.07388604810378212 269.74521811196985
string 383 -1.102841214953289 248.12608020623264 -0.2695491217183528 0.10934673971761841 5.047813129490162 0.07388604810378212 269.74521811196985
string 384 -1.102841214953289 248.12608020623264 -0.2695491217183528 0.10934673971761841 5.047813129490162 0.07388604810378212 269.74521811196985
string 385 -1.102841214953289 248.12608020623264 -0.2695491217183528 0.10934673971761841 5.047813129490162 0.07388604810378212 269.74521811196985
string 386 -1.102841214953289 248.12608020623264 -0.2695491217183528 0.10934673971761841 5.047813129490162 0.07388604810378212 269.74521811196985
string 387 -1.102841214953289 248.12608020623264 -0.2695491217183528 0.10934673971761841 5.047813129490162 0.07388604810378212 269.74521811196985
string 388 -1.102841214953289 248.12608020623264 -0.2695491217183528 0.10934673971761841 5.047813129490162 0.07388604810378212 269.74521811196985
string 389 -1.102841214953289 243.36206050027886 -0.2695491217183528 0.10934673971761841 4.822520961445105 0.07388604810378212 270.23048327704055
string 390 -1.1275218517283045 243.36206050027886 -0.39537545705326665 0.10934673971761841 4.822520961445105 0.07388604810378212 270.91128166464574
string 391 -1.1275218517283045 243.36206050027886 -0.39537545705326665 0.10934673971761841 4.822520961445105 0.07388604810378212 270.91128166464574
string 392 -1.1275218517283045 243.36206050027886 -0.39537545705326665 0.10934673971761841 4.822520961445105 0.07388604810378212 270.91128166464574
string 393 -1.1275218517283045 236.331877240544 -0.39537545705326665 0.10934673971761841 4.635085445767024 0.07388604810378212 271.46409434450004
string 394 -1.1275218517283045 242.65838244268647 -0.5525272616618402 0.10934673971761841 4.635085445767024 0.07388604810378212 269.26342278532223
string 395 -1.1204997538656465 242.65838244268647 -0.5525272616618402 0.10934673971761841 4.540261874158232 0.07388604810378212 269.4102835974454
string 396 -1.1204997538656465 242.65838244268647 -0.5525272616618402 0.10934673971761841 4.540261874158232 0.07388604810378212 269.4102835974454
string 397 -1.1204997538656465 242.65838244268647 -0.5525272616618402 0.10934673971761841 4.540261874158232 0.07388604810378212 269.4102835974454
string 398 -1.1204997538656465 260.63826951067983 -0.5525272616618402 0.10934673971761841 4.540261874158232 0.057140422346952685 270.60034924800993
string 399 -1.1204997538656465 266.03960356916093 -0.558963183775915 0.10934673971761841 4.540261874158232 0.057140422346952685 270.41053986746056
string 400 -1.1204997538656465 266.03960356916093 -0.558963183775915 0.10934673971761841 4.540261874158232 0.057140422346952685 270.41053986746056
string 401 -1.1204997538656465 266.03960356916093 -0.558963183775915 0.10934673971761841 4.540261874158232 0.057140422346952685 270.41053986746056
string 402 -1.1204997538656465 266.03960356916093 -0.558963183775915 0.10934673971761841 4.540261874158232 0.057140422346952685 270.41053986746056
string 403 -1.1204997538656465 266.03960356916093 -0.558963183775915 0.10934673971761841 4.540261874158232 0.057140422346952685 270.41053986746056
string 404 -1.1204997538656465 266.03960356916093 -0.6638042225937859 0.10934673971761841 4.6387703835253795 0.057140422346952685 269.21076939228226
string 405 -1.1204997538656465 266.03960356916093 -0.6638042225937859 0.10934673971761841 4.6387703835253795 0.057140422346952685 269.21076939228226
string 406 -1.1204997538656465 266.03960356916093 -0.6638042225937859 0.11623713034181103 4.6387703835253795 0.0749136282966577 271.00821721450166
string 407 -1.1204997538656465 266.03960356916093 -0.6638042225937859 0.11623713034181103 4.6387703835253795 0.0749136282966577 271.00821721450166
string 408 -1.1204997538656465 266.03960356916093 -0.6638042225937859 0.11623713034181103 4.6387703835253795 0.0749136282966577 271.00821721450166
string 409 -1.1204997538656465 266.03960356916093 -0.6638042225937859 0.11623713034181103 4.6387703835253795 0.0749136282966577 271.00821721450166
string 410 -1.1204997538656465 266.03960356916093 -0.6638042225937859 0.11623713034181103 4.6387703835253795 0.0749136282966577 271.00821721450166
string 411 -1.1204997538656465 266.03960356916093 -0.6638042225937859 0.11623713034181103 4.6387703835253795 0.0749136282966577 271.00821721450166
string 412 -1.1204997538656465 266.03960356916093 -0.6638042225937859 0.11623713034181103 4.430172705026338 0.08508416935380791 270.7845145124005
string 413 -1.1204997538656465 302.9015125722183 -0.6638042225937859 0.11623713034181103 4.294728306880015 0.08508416935380791 269.71938533301795
string 414 -1.1204997538656465 307.4437286103658 -0.6638042225937859 0.11623713034181103 4.080693914656413 0.08508416935380791 270.4993559406044
string 415 -1.1204997538656465 307.4437286103658 -0.6638042225937859 0.11623713034181103 4.2067866746997336 0.0983630731451599 270.3413469966018
string 416 -1.1204997538656465 307.4437286103658 -0.6638042225937859 0.11623713034181103 4.2067866746997336 0.0983630731451599 270.3413469966018
string 417 -1.1204997538656465 334.7243412617534 -0.6260053388931279 0.11623713034181103 4.2067866746997336 0.0983630731451599 270.89289802246617
string 418 -1.1204997538656465 334.7243412617534 -0.6260053388931279 0.11623713034181103 4.2067866746997336 0.0983630731451599 270.89289802246617
string 419 -1.1204997538656465 334.7243412617534 -0.8002774457821937 0.10011893990752786 4.2067866746997336 0.0983630731451599 271.6144614966819
string 420 -1.1204997538656465 314.1407478151255 -0.8002774457821937 0.10011893990752786 4.146344962133176 0.0983630731451599 271.52521108647437
string 421 -1.1204997538656465 314.1407478151255 -0.8002774457821937 0.10011893990752786 4.146344962133176 0.0983630731451599 271.52521108647437
string 422 -1.1204997538656465 314.1407478151255 -0.9764945319526032 0.10011893990752786 4.146344962133176 0.10550866292005902 270.13658702139367
string 423 -1.1204997538656465 314.1407478151255 -0.9764945319526032 0.10011893990752786 4.146344962133176 0.10550866292005902 270.13658702139367
string 424 -1.1204997538656465 314.1407478151255 -0.9764945319526032 0.10011893990752786 4.146344962133176 0.10550866292005902 270.13658702139367
string 425 -1.1204997538656465 314.1407478151255 -0.9764945319526032 0.10011893990752786 4.146344962133176 0.10550866292005902 270.13658702139367
string 426 -1.1204997538656465 314.1407478151255 -0.9764945319526032 0.10011893990752786 4.2752708032956654 0.1168322586360261 270.3107416931132
string 427 -1.1204997538656465 314.1407478151255 -0.9764945319526032 0.10011893990752786 4.2752708032956654 0.1168322586360261 270.3107416931132
string 428 -1.1204997538656465 314.1407478151255 -0.9764945319526032 0.10011893990752786 4.2752708032956654 0.1168322586360261 270.3107416931132
string 429 -1.1204997538656465 311.9386821988959 -0.9764945319526032 0.10011893990752786 4.321576695614099 0.1168322586360261 270.60954619385586
string 430 -1.1204997538656465 311.9386821988959 -0.9764945319526032 0.10011893990752786 4.321576695614099 0.1168322586360261 270.60954619385586
string 431 -1.1204997538656465 311.9386821988959 -0.9764945319526032 0.10011893990752786 4.321576695614099 0.1168322586360261 270.60954619385586
string 432 -1.1204997538656465 311.9386821988959 -0.9764945319526032 0.10011893990752786 4.321576695614099 0.1168322586360261 270.60954619385586
string 433 -1.1204997538656465 311.9386821988959 -0.9764945319526032 0.10011893990752786 4.321576695614099 0.1168322586360261 270.60954619385586
string 434 -1.1204997538656465 311.9386821988959 -0.9764945319526032 0.10011893990752786 4.321576695614099 0.1168322586360261 270.60954619385586
string 435 -1.1204997538656465 311.9386821988959 -0.9764945319526032 0.10011893990752786 4.321576695614099 0.1168322586360261 270.60954619385586
string 436 -1.1204997538656465 311.9386821988959 -0.9764945319526032 0.10011893990752786 4.321576695614099 0.1168322586360261 270.60954619385586
string 437 -1.1204997538656465 311.9386821988959 -0.9764945319526032 0.10011893990752786 4.321576695614099 0.1168322586360261 270.60954619385586
string 438 -1.1204997538656465 311.9386821988959 -0.9764945319526032 0.10011893990752786 4.321576695614099 0.1168322586360261 270.60954619385586
string 439 -1.1204997538656465 311.9386821988959 -0.9764945319526032 0.10011893990752786 4.321576695614099 0.1168322586360261 270.60954619385586
string 440 -1.1204997538656465 311.9386821988959 -0.9764945319526032 0.10011893990752786 4.321576695614099 0.1168322586360261 270.60954619385586
string 441 -1.1204997538656465 311.9386821988959 -0.9764945319526032 0.10011893990752786 4.321576695614099 0.1168322586360261 270.60954619385586
string 442 -1.1204997538656465 345.5217795854549 -0.9764945319526032 0.10011893990752786 4.321576695614099 0.09553517591263502 271.07183575084974
string 443 -1.1204997538656465 345.5217795854549 -0.9764945319526032 0.10011893990752786 4.321576695614099 0.09553517591263502 271.07183575084974
string 444 -1.1204997538656465 345.5217795854549 -0.9764945319526032 0.10011893990752786 4.321576695614099 0.09553517591263502 271.07183575084974
string 445 -1.1204997538656465 348.6866966496081 -0.9764945319526032 0.10331699727028458 4.321576695614099 0.09553517591263502 271.02097016326985
string 446 -1.1204997538656465 336.8041286363175 -0.9764945319526032 0.10331699727028458 4.196697750075453 0.09553517591263502 270.9659289504592
string 447 -1.1204997538656465 325.1281897099182 -0.9764945319526032 0.10331699727028458 4.196697750075453 0.09845138631681878 270.26195257019447
string 448 -1.1204997538656465 325.1281897099182 -0.9764945319526032 0.10331699727028458 4.196697750075453 0.09845138631681878 270.26195257019447
string 449 -1.1204997538656465 316.3113422089974 -0.9764945319526032 0.10331699727028458 4.340591718213113 0.09845138631681878 270.61239530175635
string 450 -1.1204997538656465 316.3113422089974 -1.0490379787088842 0.10331699727028458 4.340591718213113 0.06708013082556472 270.850360238783
string 451 -1.1204997538656465 316.3113422089974 -1.0490379787088842 0.10331699727028458 4.340591718213113 0.06708013082556472 270.850360238783
string 452 -1.1204997538656465 316.3113422089974 -1.0490379787088842 0.10331699727028458 4.340591718213113 0.06708013082556472 270.850360238783
string 453 -1.1204997538656465 316.3113422089974 -1.1680899075624978 0.10331699727028458 4.179380511893549 0.06708013082556472 271.1067918760616
string 454 -1.1204997538656465 316.3113422089974 -1.1680899075624978 0.10331699727028458 4.179380511893549 0.06708013082556472 271.1067918760616
string 455 -1.1204997538656465 280.84885099917574 -1.151718643449386 0.10331699727028458 4.179380511893549 0.06708013082556472 272.0138284557647
string 456 -1.1204997538656465 283.72791808097503 -1.1681569774538516 0.10331699727028458 4.179380511893549 0.06708013082556472 272.116454810851
string 457 -1.1204997538656465 283.72791808097503 -1.1681569774538516 0.10331699727028458 4.179380511893549 0.06708013082556472 272.116454810851
string 458 -1.1204997538656465 283.72791808097503 -1.1681569774538516 0.10331699727028458 4.023888612202585 0.03855814836699904 270.0785088916574
string 459 -1.1204997538656465 283.72791808097503 -1.1878464543662735 0.10331699727028458 4.085437734903255 0.03855814836699904 270.4846134097246
string 460 -1.1204997538656465 283.72791808097503 -1.1878464543662735 0.10331699727028458 4.085437734903255 0.03855814836699904 270.4846134097246
string 461 -1.1204997538656465 283.72791808097503 -1.1878464543662735 0.10331699727028458 4.085437734903255 0.03855814836699904 270.4846134097246
string 462 -1.1204997538656465 283.72791808097503 -1.1878464543662735 0.10331699727028458 4.085437734903255 0.03855814836699904 270.4846134097246
string 463 -1.1204997538656465 283.72791808097503 -1.1878464543662735 0.10331699727028458 4.085437734903255 0.03855814836699904 270.4846134097246
string 464 -1.1204997538656465 283.72791808097503 -1.1878464543662735 0.10331699727028458 4.085437734903255 0.03855814836699904 270.4846134097246
string 465 -1.1204997538656465 283.72791808097503 -1.1878464543662735 0.10331699727028458 4.085437734903255 0.03855814836699904 270.4846134097246
string 466 -1.1204997538656465 283.72791808097503 -1.1878464543662735 0.10331699727028458 4.085437734903255 0.03855814836699904 270.4846134097246
string 467 -1.1204997538656465 283.72791808097503 -1.1878464543662735 0.10331699727028458 4.085437734903255 0.03855814836699904 270.4846134097246
string 468 -1.1204997538656465 283.72791808097503 -1.1878464543662735 0.10331699727028458 4.085437734903255 0.03855814836699904 270.4846134097246
string 469 -1.1204997538656465 283.72791808097503 -1.1878464543662735 0.10331699727028458 4.085437734903255 0.03855814836699904 270.4846134097246
string 470 -1.1204997538656465 283.72791808097503 -1.1878464543662735 0.10331699727028458 4.085437734903255 0.03855814836699904 270.4846134097246
string 471 -1.1204997538656465 283.72791808097503 -1.1878464543662735 0.10331699727028458 4.085437734903255 0.03855814836699904 270.4846134097246
string 472 -1.1204997538656465 283.72791808097503 -1.1878464543662735 0.10331699727028458 3.9399611067161247 0.039813067205946344 270.30459583895185
string 473 -1.1204997538656465 290.3078725222036 -1.1878464543662735 0.10331699727028458 3.9519774654156516 0.039813067205946344 269.9717329530511
string 474 -1.1204997538656465 290.3078725222036 -1.1878464543662735 0.10331699727028458 3.9519774654156516 0.039813067205946344 269.9717329530511
string 475 -1.1204997538656465 290.3078725222036 -1.2129918157081716 0.10331699727028458 4.130413713119028 0.039813067205946344 270.7951049066089
string 476 -1.1204997538656465 290.3078725222036 -1.2129918157081716 0.10331699727028458 4.2278677365689274 0.023910216750204976 270.95764269511085
string 477 -1.1204997538656465 290.3078725222036 -1.222031546932837 0.10331699727028458 4.2278677365689274 0.010565211093679878 271.29070303168885
string 478 -1.1204997538656465 290.3078725222036 -1.222031546932837 0.10331699727028458 4.2278677365689274 0.010565211093679878 271.29070303168885
string 479 -1.1204997538656465 290.3078725222036 -1.222031546932837 0.10331699727028458 4.2278677365689274 0.010565211093679878 271.29070303168885
string 480 -1.1204997538656465 290.3078725222036 -1.222031546932837 0.10331699727028458 4.2278677365689274 0.010565211093679878 271.29070303168885
string 481 -1.1204997538656465 290.3078725222036 -1.222031546932837 0.10331699727028458 4.2278677365689274 0.010565211093679878 271.29070303168885
string 482 -1.1204997538656465 290.3078725222036 -1.0013886223791582 0.10331699727028458 4.3791358583574915 0.010565211093679878 270.5394138003748
string 483 -1.1204997538656465 290.3078725222036 -1.0013886223791582 0.10331699727028458 4.3791358583574915 0.010565211093679878 270.5394138003748
string 484 -1.1204997538656465 290.3078725222036 -1.0013886223791582 0.10331699727028458 4.3791358583574915 0.010565211093679878 270.5394138003748
string 485 -1.1204997538656465 278.6598241376367 -1.0013886223791582 0.10331699727028458 4.160089280474835 0.010565211093679878 270.60556111567416
string 486 -1.1204997538656465 259.71034731476766 -1.0013886223791582 0.10331699727028458 4.160089280474835 0.01896162286016434 269.9359022642162
string 487 -1.1204997538656465 271.17392757817 -1.0013886223791582 0.10331699727028458 4.121186265343573 0.01896162286016434 270.46894638792475
string 488 -1.1204997538656465 271.17392757817 -1.0013886223791582 0.10331699727028458 4.121186265343573 0.01896162286016434 270.46894638792475
string 489 -1.1204997538656465 293.7297327925483 -0.9927165024988073 0.10331699727028458 4.121186265343573 0.01896162286016434 271.3249784798796
string 490 -1.1204997538656465 293.7297327925483 -0.9248661745084495 0.10331699727028458 4.339496376369241 0.01896162286016434 271.2990904052623
string 491 -1.1204997538656465 293.7297327925483 -0.9248661745084495 0.10331699727028458 4.339496376369241 0.01896162286016434 271.2990904052623
string 492 -1.1204997538656465 293.7297327925483 -0.9248661745084495 0.10331699727028458 4.339496376369241 0.01896162286016434 271.2990904052623
string 493 -1.1204997538656465 293.7297327925483 -0.848695702463069 0.10331699727028458 4.1831075845632695 0.01896162286016434 273.2568514256885
string 494 -1.1204997538656465 293.7297327925483 -0.848695702463069 0.10196609932203562 4.1831075845632695 0.047782081015272204 272.8173363228648
string 495 -1.1204997538656465 293.7297327925483 -0.848695702463069 0.10694385400783418 4.287225919711389 0.047782081015272204 270.50694386249023
string 496 -1.1204997538656465 293.7297327925483 -0.848695702463069 0.10694385400783418 4.287225919711389 0.047782081015272204 270.50694386249023
string 497 -1.1204997538656465 293.7297327925483 -0.9066637119199034 0.10694385400783418 4.068806872490439 0.047782081015272204 270.61377929464777
string 498 -1.1204997538656465 293.7297327925483 -0.9066637119199034 0.10694385400783418 4.068806872490439 0.047782081015272204 270.61377929464777
string 499 -1.1204997538656465 293.7297327925483 -0.9066637119199034 0.10694385400783418 4.068806872490439 0.047782081015272204 270.61377929464777
string 500 -1.1204997538656465 293.7297327925483 -0.9066637119199034 0.10694385400783418 3.978127681253902 0.04813653290825792 270.9236239882715
string 501 -1.1204997538656465 293.7297327925483 -0.9066637119199034 0.10694385400783418 3.978127681253902 0.04813653290825792 270.9236239882715
string 502 -1.1204997538656465 293.7297327925483 -0.8646448076982503 0.10694385400783418 3.979558477574187 0.04813653290825792 271.6573194556461
string 503 -1.1204997538656465 293.7297327925483 -0.8646448076982503 0.10694385400783418 3.979558477574187 0.04813653290825792 271.6573194556461
string 504 -1.1204997538656465 293.7297327925483 -0.8646448076982503 0.10694385400783418 3.979558477574187 0.04813653290825792 271.6573194556461
string 505 -1.1204997538656465 293.7297327925483 -0.8646448076982503 0.10694385400783418 3.979558477574187 0.04813653290825792 271.6573194556461
string 506 -1.1204997538656465 293.7297327925483 -0.8646448076982503 0.10694385400783418 3.979558477574187 0.04813653290825792 271.6573194556461
string 507 -1.1204997538656465 293.2537616986472 -0.8646448076982503 0.10694385400783418 4.2572720582337205 0.04813653290825792 270.30359722357156
string 508 -1.1204997538656465 307.39952695766397 -0.8646448076982503 0.10694385400783418 4.362864625467757 0.04813653290825792 270.6518948760938
string 509 -1.094785502213059 307.39952695766397 -0.8646448076982503 0.10694385400783418 4.280718440208927 0.04813653290825792 271.23411819520686
string 510 -1.094785502213059 307.39952695766397 -0.8454655320094171 0.10694385400783418 4.124085958772708 0.04813653290825792 270.59106403203805
string 511 -1.0891673958324941 307.39952695766397 -0.8454655320094171 0.10694385400783418 4.14269347279489 0.04813653290825792 270.64190329562643
string 512 -1.0891673958324941 307.39952695766397 -0.8454655320094171 0.10694385400783418 4.14269347279489 0.04813653290825792 270.64190329562643
string 513 -1.0891673958324941 307.39952695766397 -0.8454655320094171 0.10694385400783418 4.14269347279489 0.04813653290825792 270.64190329562643
string 514 -1.0891673958324941 307.39952695766397 -0.8454655320094171 0.10694385400783418 4.14269347279489 0.04813653290825792 270.64190329562643
string 515 -1.0891673958324941 312.4122418678522 -0.8454655320094171 0.10694385400783418 3.9385820439503134 0.04813653290825792 270.5289198850564
string 516 -1.0891673958324941 288.21363857607383 -0.8454655320094171 0.10694385400783418 4.037386730338431 0.04813653290825792 270.44214844742066
string 517 -1.0891673958324941 288.21363857607383 -0.8454655320094171 0.10694385400783418 4.0556195721906345 0.05719278519721935 270.2963031606179
string 518 -1.0891673958324941 288.21363857607383 -0.8454655320094171 0.10694385400783418 4.0556195721906345 0.05719278519721935 270.2963031606179
string 519 -1.0891673958324941 288.21363857607383 -0.8454655320094171 0.10694385400783418 4.0556195721906345 0.05719278519721935 270.2963031606179
string 520 -1.0891673958324941 288.21363857607383 -0.8454655320094171 0.10694385400783418 4.0556195721906345 0.05719278519721935 270.2963031606179
string 521 -1.0891673958324941 288.21363857607383 -0.8454655320094171 0.10694385400783418 4.0556195721906345 0.05719278519721935 270.2963031606179
string 522 -1.0891673958324941 288.21363857607383 -0.8454655320094171 0.10694385400783418 4.0556195721906345 0.05719278519721935 270.2963031606179
string 523 -1.0891673958324941 288.21363857607383 -0.8454655320094171 0.10694385400783418 4.0556195721906345 0.05719278519721935 270.2963031606179
string 524 -1.0891673958324941 288.21363857607383 -0.8454655320094171 0.10694385400783418 4.0556195721906345 0.05719278519721935 270.2963031606179
string 525 -1.0891673958324941 288.21363857607383 -0.8665012580987358 0.10694385400783418 4.0556195721906345 0.07447126492264987 272.09341693571776
string 526 -1.0891673958324941 288.21363857607383 -0.8665012580987358 0.10694385400783418 4.0556195721906345 0.07447126492264987 272.09341693571776
string 527 -1.0891673958324941 288.21363857607383 -0.8665012580987358 0.10694385400783418 4.0556195721906345 0.07447126492264987 272.09341693571776
string 528 -1.0891673958324941 288.21363857607383 -0.8665012580987358 0.10694385400783418 4.0556195721906345 0.07447126492264987 272.09341693571776
string 529 -1.0891673958324941 285.388185938115 -0.8665012580987358 0.10694385400783418 4.0556195721906345 0.09500137466301659 273.88197486844297
string 530 -1.0891673958324941 285.388185938115 -0.8665012580987358 0.10694385400783418 4.0556195721906345 0.09500137466301659 273.88197486844297
string 531 -1.0891673958324941 285.388185938115 -0.8665012580987358 0.07764629021556804 4.333520415751383 0.09500137466301659 271.43090990094777
string 532 -1.0891673958324941 265.82824670053606 -0.8665012580987358 0.07764629021556804 4.571340104839204 0.09500137466301659 270.4141259070953
string 533 -1.0891673958324941 265.82824670053606 -0.8665012580987358 0.07764629021556804 4.571340104839204 0.09500137466301659 270.4141259070953
string 534 -1.0891673958324941 265.82824670053606 -0.8665012580987358 0.07764629021556804 4.571340104839204 0.09500137466301659 270.4141259070953
string 535 -1.0891673958324941 265.82824670053606 -0.8665012580987358 0.07764629021556804 4.571340104839204 0.09500137466301659 270.4141259070953
string 536 -1.0891673958324941 265.82824670053606 -0.7557090411790532 0.07764629021556804 4.564803393879909 0.09500137466301659 270.56413679685573
string 537 -1.0891673958324941 266.6424562326996 -0.8120359301880034 0.07764629021556804 4.564803393879909 0.09500137466301659 270.3254875099572
string 538 -1.0891673958324941 226.5229034112526 -0.9024452027504397 0.07764629021556804 4.564803393879909 0.09500137466301659 270.7774547009278
string 539 -1.0891673958324941 226.5229034112526 -0.7712941674368563 0.07764629021556804 4.49223864759862 0.09500137466301659 270.0881211955275
string 540 -1.0891673958324941 229.6858881771199 -0.7712941674368563 0.07764629021556804 4.49223864759862 0.06918600722840537 274.2620572512818
string 541 -1.127871980952952 229.6858881771199 -0.7712941674368563 0.08665800821134309 4.49223864759862 0.06918600722840537 273.4895803382774
string 542 -1.127871980952952 229.6858881771199 -0.7712941674368563 0.08665800821134309 4.49223864759862 0.06918600722840537 273.4895803382774
string 543 -1.127871980952952 229.6858881771199 -0.7712941674368563 0.08665800821134309 4.49223864759862 0.06918600722840537 273.4895803382774
string 544 -1.127871980952952 229.6858881771199 -0.7712941674368563 0.08665800821134309 4.49223864759862 0.06918600722840537 273.4895803382774
string 545 -1.127871980952952 294.74685087423353 -0.7712941674368563 0.11374506481125572 4.49223864759862 0.06918600722840537 269.69678616868
string 546 -1.127871980952952 320.1222038671404 -0.7712941674368563 0.09789594207073431 4.49223864759862 0.06918600722840537 274.0751367123524
string 547 -1.1818799022275024 320.1222038671404 -0.7712941674368563 0.1279280708549796 4.49223864759862 0.06918600722840537 271.5553431120491
string 548 -1.1818799022275024 320.1222038671404 -0.7712941674368563 0.1279280708549796 4.49223864759862 0.06918600722840537 271.5553431120491
string 549 -1.1818799022275024 320.1222038671404 -0.7712941674368563 0.1279280708549796 4.49223864759862 0.06918600722840537 271.5553431120491
string 550 -1.1818799022275024 320.1222038671404 -0.7712941674368563 0.1279280708549796 4.49223864759862 0.06918600722840537 271.5553431120491
string 551 -1.1818799022275024 317.3168972137102 -0.7712941674368563 0.1279280708549796 4.684853425143215 0.06918600722840537 270.34972358648616
string 552 -1.1818799022275024 317.3168972137102 -0.7712941674368563 0.1279280708549796 4.684853425143215 0.06918600722840537 270.34972358648616
string 553 -1.1818799022275024 307.5908882657508 -0.6686656748001922 0.1279280708549796 4.684853425143215 0.06918600722840537 271.2134632809368
string 554 -1.1818799022275024 307.5908882657508 -0.6686656748001922 0.1279280708549796 4.684853425143215 0.06918600722840537 271.2134632809368
string 555 -1.1818799022275024 303.55959525506586 -0.6686656748001922 0.1279280708549796 4.684853425143215 0.05281342283418612 271.6477489829983
string 556 -1.2449068708882494 303.55959525506586 -0.6686656748001922 0.1754899386655665 4.684853425143215 0.05281342283418612 270.6791288782714
string 557 -1.2449068708882494 290.955510690735 -0.6686656748001922 0.1754899386655665 4.98739743389329 0.05281342283418612 269.8010700896284
string 558 -1.2449068708882494 290.955510690735 -0.6686656748001922 0.1754899386655665 4.98739743389329 0.05281342283418612 269.8010700896284
string 559 -1.2449068708882494 290.955510690735 -0.6686656748001922 0.1754899386655665 4.98739743389329 0.05281342283418612 269.8010700896284
string 560 -1.2449068708882494 290.955510690735 -0.6686656748001922 0.1754899386655665 4.98739743389329 0.05281342283418612 269.8010700896284
string 561 -1.2449068708882494 290.955510690735 -0.6686656748001922 0.1754899386655665 4.98739743389329 0.05281342283418612 269.8010700896284
string 562 -1.2449068708882494 290.955510690735 -0.6686656748001922 0.1754899386655665 4.98739743389329 0.05281342283418612 269.8010700896284
string 563 -1.2449068708882494 290.955510690735 -0.6686656748001922 0.1754899386655665 4.98739743389329 0.05281342283418612 269.8010700896284
string 564 -1.2449068708882494 234.69471981461555 -0.6686656748001922 0.1754899386655665 4.98739743389329 0.0318448239509694 270.82526711648904
string 565 -1.2449068708882494 234.69471981461555 -0.6686656748001922 0.1754899386655665 4.98739743389329 0.0318448239509694 270.82526711648904
string 566 -1.2449068708882494 234.69471981461555 -0.6686656748001922 0.1754899386655665 4.98739743389329 0.0318448239509694 270.82526711648904
string 567 -1.2449068708882494 234.69471981461555 -0.6686656748001922 0.1754899386655665 4.98739743389329 0.0318448239509694 270.82526711648904
string 568 -1.2449068708882494 234.69471981461555 -0.6686656748001922 0.1754899386655665 4.98739743389329 0.0318448239509694 270.82526711648904
string 569 -1.2449068708882494 234.69471981461555 -0.6686656748001922 0.1754899386655665 4.98739743389329 0.0318448239509694 270.82526711648904
string 570 -1.2449068708882494 234.69471981461555 -0.6686656748001922 0.1754899386655665 4.98739743389329 0.0318448239509694 270.82526711648904
string 571 -1.2449068708882494 234.69471981461555 -0.6686656748001922 0.1754899386655665 4.814239493724344 0.030100874601997823 270.0246470388812
string 572 -1.2449068708882494 234.69471981461555 -0.6686656748001922 0.1754899386655665 4.814239493724344 0.030100874601997823 270.0246470388812
string 573 -1.2449068708882494 234.69471981461555 -0.6686656748001922 0.1754899386655665 4.814239493724344 0.030100874601997823 270.0246470388812
string 574 -1.2449068708882494 234.69471981461555 -0.6686656748001922 0.1754899386655665 4.814239493724344 0.030100874601997823 270.0246470388812
string 575 -1.2449068708882494 234.69471981461555 -0.6686656748001922 0.1754899386655665 4.814239493724344 0.030100874601997823 270.0246470388812
string 576 -1.2449068708882494 204.5891839137106 -0.6686656748001922 0.1754899386655665 4.846210378590479 0.030100874601997823 271.6802478979879
string 577 -1.2449068708882494 204.5891839137106 -0.6686656748001922 0.1754899386655665 4.846210378590479 0.030100874601997823 271.6802478979879
string 578 -1.2449068708882494 204.5891839137106 -0.6374358731310465 0.1754899386655665 4.846210378590479 0.025956422873313748 270.41638530135594
string 579 -1.2449068708882494 204.5891839137106 -0.6374358731310465 0.1754899386655665 4.846210378590479 0.025956422873313748 270.41638530135594
string 580 -1.2449068708882494 204.5891839137106 -0.6374358731310465 0.1754899386655665 4.846210378590479 0.025956422873313748 270.41638530135594
string 581 -1.2449068708882494 204.5891839137106 -0.6374358731310465 0.1754899386655665 4.846210378590479 0.025956422873313748 270.41638530135594
string 582 -1.2449068708882494 204.5891839137106 -0.6374358731310465 0.1754899386655665 4.846210378590479 0.025956422873313748 270.41638530135594
string 583 -1.2449068708882494 204.5891839137106 -0.6284688566988712 0.1754899386655665 4.740355248448441 0.025956422873313748 270.22809686898484
string 584 -1.2449068708882494 203.4510216765633 -0.6132779124188837 0.1754899386655665 4.740355248448441 0.025956422873313748 270.2049789829989
string 585 -1.2449068708882494 203.4510216765633 -0.6132779124188837 0.1754899386655665 4.638002211439995 0.03604414247000927 270.1724168075135
string 586 -1.2449068708882494 203.4510216765633 -0.6132779124188837 0.1754899386655665 4.638002211439995 0.03604414247000927 270.1724168075135
string 587 -1.2449068708882494 203.4510216765633 -0.6132779124188837 0.1754899386655665 4.638002211439995 0.03604414247000927 270.1724168075135
string 588 -1.2449068708882494 203.4510216765633 -0.6132779124188837 0.1754899386655665 4.638002211439995 0.03604414247000927 270.1724168075135
string 589 -1.2449068708882494 203.4510216765633 -0.6132779124188837 0.1754899386655665 4.638002211439995 0.03604414247000927 270.1724168075135
string 590 -1.2449068708882494 203.4510216765633 -0.6132779124188837 0.1754899386655665 4.638002211439995 0.03604414247000927 270.1724168075135
string 591 -1.2449068708882494 203.4510216765633 -0.6132779124188837 0.18703721338584922 4.4351163949778325 0.03604414247000927 270.05093988857027
string 592 -1.2449068708882494 203.4510216765633 -0.6132779124188837 0.18703721338584922 4.4351163949778325 0.03604414247000927 270.05093988857027
string 593 -1.2449068708882494 203.4510216765633 -0.6132779124188837 0.18703721338584922 4.4351163949778325 0.03604414247000927 270.05093988857027
string 594 -1.2449068708882494 203.4510216765633 -0.6132779124188837 0.18703721338584922 4.4351163949778325 0.03604414247000927 270.05093988857027
string 595 -1.2449068708882494 203.4510216765633 -0.6132779124188837 0.18703721338584922 4.4351163949778325 0.03604414247000927 270.05093988857027
string 596 -1.2449068708882494 203.4510216765633 -0.6132779124188837 0.18703721338584922 4.4351163949778325 0.03604414247000927 270.05093988857027
string 597 -1.2449068708882494 203.4510216765633 -0.6132779124188837 0.18703721338584922 4.4351163949778325 0.03604414247000927 270.05093988857027
string 598 -1.2449068708882494 203.4510216765633 -0.6132779124188837 0.18703721338584922 4.4351163949778325 0.03604414247000927 270.05093988857027
string 599 -1.2449068708882494 220.25264895361988 -0.66750773612874 0.18703721338584922 4.4351163949778325 0.03604414247000927 269.8832030106672
string 600 -1.2449068708882494 220.25264895361988 -0.66750773612874 0.176457591953273 4.4351163949778325 0.03203940712256639 269.9709201856198
string 601 -1.2449068708882494 181.9494350253541 -0.66750773612874 0.1946410465720169 4.4351163949778325 0.03203940712256639 274.57573690933555
string 602 -1.232561998205638 181.9494350253541 -0.5774468535059336 0.1946410465720169 4.4351163949778325 0.03203940712256639 274.6517255249324
string 603 -1.3037765180038476 181.9494350253541 -0.5774468535059336 0.1946410465720169 4.566113052475829 0.03203940712256639 272.24202755064573
string 604 -1.3037765180038476 182.7450495740733 -0.6252060145152075 0.1946410465720169 4.566113052475829 0.03203940712256639 271.1067619487619
string 605 -1.3037765180038476 182.7450495740733 -0.6252060145152075 0.1946410465720169 4.566113052475829 0.03203940712256639 271.1067619487619
string 606 -1.3149129010776366 182.7450495740733 -0.6252060145152075 0.1946410465720169 4.566113052475829 0.017343010851981817 273.39538242776456
string 607 -1.3149129010776366 173.37499592868554 -0.6252060145152075 0.1946410465720169 4.566113052475829 0.020913734466621113 272.3193347049266
string 608 -1.3149129010776366 173.37499592868554 -0.7251758580523291 0.1946410465720169 4.362582679784431 0.020913734466621113 271.92390592130073
string 609 -1.3149129010776366 173.37499592868554 -0.7251758580523291 0.1946410465720169 4.362582679784431 0.020913734466621113 271.92390592130073
string 610 -1.3149129010776366 173.37499592868554 -0.7251758580523291 0.1946410465720169 4.362582679784431 0.020913734466621113 271.92390592130073
string 611 -1.3149129010776366 173.37499592868554 -0.7251758580523291 0.1946410465720169 4.362582679784431 0.020913734466621113 271.92390592130073
string 612 -1.3149129010776366 184.53476750848986 -0.7251758580523291 0.1946410465720169 4.2918907679847615 0.020913734466621113 273.40458814254856
string 613 -1.3149129010776366 184.53476750848986 -0.7251758580523291 0.1946410465720169 4.2918907679847615 0.020913734466621113 273.40458814254856
string 614 -1.3149129010776366 184.53476750848986 -0.7251758580523291 0.21496236821771167 4.290827547867273 0.020913734466621113 270.63128774267136
string 615 -1.3149129010776366 184.53476750848986 -0.7251758580523291 0.21496236821771167 4.4258171620516995 0.025716204570563214 270.2189835994668
string 616 -1.3149129010776366 184.53476750848986 -0.7251758580523291 0.21496236821771167 4.4258171620516995 0.025716204570563214 270.2189835994668
string 617 -1.3149129010776366 184.53476750848986 -0.7251758580523291 0.21496236821771167 4.4258171620516995 0.025716204570563214 270.2189835994668
string 618 -1.3149129010776366 184.53476750848986 -0.7251758580523291 0.21496236821771167 4.4953634876871345 0.02032574708739529 270.25297860446335
string 619 -1.3149129010776366 184.53476750848986 -0.7251758580523291 0.21496236821771167 4.4953634876871345 0.02032574708739529 270.25297860446335
string 620 -1.3149129010776366 184.53476750848986 -0.8256054352348515 0.21496236821771167 4.4953634876871345 0.010727293347074937 270.4899604815984
string 621 -1.3149129010776366 184.53476750848986 -0.8188776774920719 0.21496236821771167 4.14192173294544 0.010727293347074937 270.439652695934
string 622 -1.3149129010776366 184.53476750848986 -0.8188776774920719 0.21496236821771167 4.14192173294544 0.010727293347074937 270.439652695934
string 623 -1.3149129010776366 184.53476750848986 -0.8188776774920719 0.21496236821771167 4.14192173294544 0.010727293347074937 270.439652695934
string 624 -1.3149129010776366 184.53476750848986 -0.8188776774920719 0.21496236821771167 4.14192173294544 0.010727293347074937 270.439652695934
string 625 -1.3149129010776366 184.53476750848986 -0.8188776774920719 0.21496236821771167 4.14192173294544 0.010727293347074937 270.439652695934
string 626 -1.3149129010776366 184.53476750848986 -0.8188776774920719 0.21496236821771167 4.14192173294544 0.010727293347074937 270.439652695934
string 627 -1.3149129010776366 184.53476750848986 -0.8188776774920719 0.21496236821771167 4.14192173294544 0.010727293347074937 270.439652695934
string 628 -1.3149129010776366 184.53476750848986 -0.8188776774920719 0.21496236821771167 4.14192173294544 0.010727293347074937 270.439652695934
string 629 -1.3149129010776366 184.53476750848986 -0.8188776774920719 0.21496236821771167 4.14192173294544 0.010727293347074937 270.439652695934
string 630 -1.3149129010776366 184.53476750848986 -0.813697088964287 0.2429003915001077 4.14192173294544 0.010727293347074937 270.51859426617284
string 631 -1.3149129010776366 184.53476750848986 -0.813697088964287 0.2429003915001077 4.14192173294544 0.010727293347074937 270.51859426617284
string 632 -1.3149129010776366 184.53476750848986 -0.813697088964287 0.2429003915001077 4.14192173294544 0.010727293347074937 270.51859426617284
string 633 -1.3149129010776366 213.08340222477344 -0.813697088964287 0.24678528791603682 4.14192173294544 0.010727293347074937 269.69452111819794
string 634 -1.3149129010776366 213.08340222477344 -0.813697088964287 0.24678528791603682 4.14192173294544 0.010727293347074937 269.69452111819794
string 635 -1.3149129010776366 213.08340222477344 -0.8963764994432369 0.24678528791603682 4.14192173294544 0.0026788587631851827 270.00959104993177
string 636 -1.3149129010776366 213.08340222477344 -0.8963764994432369 0.24678528791603682 3.996750006283376 0.053275491706392654 269.881742180078
string 637 -1.3149129010776366 226.6359110531913 -0.8963764994432369 0.24678528791603682 3.9777052962411754 0.053275491706392654 269.8182746069668
string 638 -1.3149129010776366 226.6359110531913 -0.8963764994432369 0.24678528791603682 3.9777052962411754 0.053275491706392654 269.8182746069668
string 639 -1.3149129010776366 218.21317130591473 -0.8963764994432369 0.24678528791603682 3.7895635705526027 0.053275491706392654 270.35774794081226
string 640 -1.3149129010776366 218.21317130591473 -0.8963764994432369 0.24678528791603682 3.7895635705526027 0.053275491706392654 270.35774794081226
string 641 -1.3149129010776366 236.63638527399954 -0.8963764994432369 0.24678528791603682 3.739269802020887 0.053275491706392654 271.5039863198364
string 642 -1.3149129010776366 236.63638527399954 -0.8963764994432369 0.24678528791603682 3.704502246223164 0.07659886160552118 271.7248535879843
string 643 -1.3149129010776366 236.63638527399954 -0.8963764994432369 0.24678528791603682 3.704502246223164 0.07659886160552118 271.7248535879843
string 644 -1.3149129010776366 251.87118841191776 -0.8963764994432369 0.3068133384682905 3.704502246223164 0.07659886160552118 269.3478484215344
string 645 -1.3149129010776366 251.87118841191776 -0.8963764994432369 0.3068133384682905 3.704502246223164 0.07659886160552118 269.3478484215344
string 646 -1.3149129010776366 251.87118841191776 -0.8963764994432369 0.3068133384682905 3.704502246223164 0.07659886160552118 269.3478484215344
string 647 -1.3149129010776366 251.87118841191776 -0.8963764994432369 0.3012596264200152 3.648469793097136 0.07659886160552118 269.64676138107495
string 648 -1.3149129010776366 251.87118841191776 -0.8963764994432369 0.3012596264200152 3.648469793097136 0.07659886160552118 269.64676138107495
string 649 -1.3149129010776366 251.87118841191776 -0.8963764994432369 0.3012596264200152 3.648469793097136 0.07659886160552118 269.64676138107495
string 650 -1.3149129010776366 251.87118841191776 -0.8963764994432369 0.33815527214496915 3.7197423109500374 0.07659886160552118 269.5797277452891
string 651 -1.3149129010776366 251.87118841191776 -0.8963764994432369 0.45929346412900657 3.7197423109500374 0.07427020474903012 274.69140838612014
string 652 -1.323622466678161 251.87118841191776 -0.8963764994432369 0.45929346412900657 3.5049733397444327 0.07427020474903012 270.2524694300405
string 653 -1.323622466678161 251.87118841191776 -0.8963764994432369 0.45929346412900657 3.5049733397444327 0.07427020474903012 270.2524694300405
string 654 -1.323622466678161 251.87118841191776 -0.7623078086558532 0.45929346412900657 3.5049733397444327 0.08235443245422892 269.5306623212227
string 655 -1.323622466678161 258.45319873903867 -0.7623078086558532 0.48019368627646103 3.5049733397444327 0.08235443245422892 269.4448833679811
string 656 -1.323622466678161 247.3764038972867 -0.7623078086558532 0.48019368627646103 3.5049733397444327 0.11088570341936965 269.9313790959493
string 657 -1.323622466678161 247.3764038972867 -0.7623078086558532 0.49134603098898566 3.336747375575128 0.11088570341936965 269.2232256091084
string 658 -1.323622466678161 247.3764038972867 -0.7623078086558532 0.49134603098898566 3.336747375575128 0.11088570341936965 269.2232256091084
string 659 -1.323622466678161 247.3764038972867 -0.7623078086558532 0.49134603098898566 3.336747375575128 0.11088570341936965 269.2232256091084
string 660 -1.323622466678161 247.3764038972867 -0.7623078086558532 0.4798573307205928 3.313196324407769 0.11088570341936965 269.08404961559387
string 661 -1.323622466678161 247.3764038972867 -0.7623078086558532 0.4798573307205928 3.313196324407769 0.11088570341936965 269.08404961559387
string 662 -1.323622466678161 247.3764038972867 -0.7623078086558532 0.4798573307205928 3.313196324407769 0.11088570341936965 269.08404961559387
string 663 -1.323622466678161 230.9419815437685 -0.7623078086558532 0.4798573307205928 3.2786551087635156 0.11088570341936965 269.49265011585294
string 664 -1.323622466678161 251.52006187774313 -0.7623078086558532 0.4798573307205928 3.2801741154960693 0.11088570341936965 269.0082064265914
string 665 -1.323622466678161 251.52006187774313 -0.7623078086558532 0.4798573307205928 3.2801741154960693 0.11088570341936965 269.0082064265914
string 666 -1.323622466678161 276.7523218993469 -0.7623078086558532 0.4798573307205928 3.4767816411880856 0.11088570341936965 269.033649332879
string 667 -1.323622466678161 276.7523218993469 -0.7623078086558532 0.5675632958264842 3.437114586068054 0.11088570341936965 269.203096695008
string 668 -1.323622466678161 246.50543448152072 -0.7623078086558532 0.40784264152828326 3.437114586068054 0.11088570341936965 269.14178419307024
string 669 -1.323622466678161 246.50543448152072 -0.7623078086558532 0.40784264152828326 3.437114586068054 0.11088570341936965 269.14178419307024
string 670 -1.323622466678161 246.50543448152072 -0.6533498000632012 0.45153259782802446 3.437114586068054 0.11088570341936965 269.0225159893452
string 671 -1.323622466678161 246.50543448152072 -0.6533498000632012 0.45153259782802446 3.437114586068054 0.11088570341936965 269.0225159893452
string 672 -1.323622466678161 273.95854504682245 -0.6533498000632012 0.45153259782802446 3.437114586068054 0.12841501747259262 269.60644309478505
string 673 -1.323622466678161 273.95854504682245 -0.6533498000632012 0.45153259782802446 3.437114586068054 0.12841501747259262 269.60644309478505
